34 0.025071190264574335 0.25692079929288 0.03812988602807858 0.048808861810526794
34 0.03679878654373102 0.3136086709866883 0.03812988602807858 0.048808861810526794
31 0.40514159191576427 0.16508266407430944 0.8024878106544322 0.3029738611046551
31 0.41676654734016927 0.22274709826811775 0.8024878106544322 0.30297386110465513
11 0.06342110180075067 0.30336875648885586 0.01336100367602619 0.016307539462538934
11 0.0895800588315285 0.28818915120247846 0.013361003676026217 0.016307539462538934
11 0.16318001494329976 0.2797028320548015 0.013361003676026217 0.016307539462538823
11 0.25717924518088164 0.23605063131238793 0.013361003676026217 0.016307539462538878
11 0.360744716228398 0.23225722660960302 0.013361003676026106 0.016307539462538878
11 0.4557205089659799 0.18866190415573433 0.013361003676026217 0.016307539462538878
11 0.48460682054697335 0.19427450281208153 0.013361003676026106 0.016307539462538823
11 0.5129271330469733 0.19592397317988378 0.013361003676026328 0.016307539462538878
9 0.07724841246273756 0.3120344308170294 0.020452068933045853 0.02836755919380829
9 0.10397336857450884 0.30081795381919696 0.02281575735205238 0.032387565770898075
9 0.12561023047677686 0.29127021037864 0.02888041406155567 0.03468196050216754
9 0.17453509881209073 0.25580067415170565 0.028264568933045853 0.02882258550216754
9 0.17603076310528668 0.2883116280944302 0.02024678722354256 0.02641443419380829
9 0.2025504375075547 0.27904827609659777 0.02024678722354256 0.0264144341938084
9 0.22428994026457433 0.26852397015604074 0.02888041406155567 0.03468196050216754
9 0.2723438357143587 0.25068943721765136 0.025384727480562197 0.03836069734798797
9 0.300869429923862 0.25038578258545363 0.023021039061555726 0.034340690770898075
9 0.32636269577861365 0.2508880555876211 0.026311443933045853 0.028708828925077756
9 0.3734928235356333 0.24184258514923168 0.020452068933045853 0.02836755919380829
9 0.37209980009718896 0.20835506870650716 0.028264568933045853 0.02882258550216754
9 0.4000124979379013 0.23257923315139925 0.02024678722354256 0.02641443419380829
9 0.423397203130666 0.2250983712879321 0.028675132352052435 0.03272883550216754
9 0.47067981778995366 0.20525383506099776 0.02774841589956878 0.042380703925077756
9 0.4991027711447053 0.2059267429288 0.022815757352052324 0.03238756577089813
9 0.5237221153542085 0.20539557514242263 0.026311443933045853 0.028708828925077756
9 0.5684885546922217 0.2001425981269434 0.02024678722354256 0.02641443419380829
9 0.5933630266587446 0.18783580205202113 0.022405193933045853 0.02848131577089813
9 0.6131494044157642 0.17719773953437434 0.03535563419006538 0.04088260523343701
9 0.6593528157203002 0.15827288751889512 0.02024678722354256 0.02641443419380829
26 0.7390174285415749 0.14817471310248756 0.03607117141360794 0.06615947365634717
26 0.7409207074940585 0.15811097296812227 0.02815897931857525 0.046286953925077756
9 0.7427213455917905 0.169023795333757 0.02024678722354256 0.02641443419380829
26 0.7572113986700846 0.14333914729629585 0.04018270312311145 0.0683401118105268
26 0.7590120367678166 0.15425196966193055 0.03227051102807854 0.04846759207925733
21 0.1977145222953522 0.25027293728823846 0.01788309880453598 0.022394427616718504
21 0.3952792235804504 0.20282733184304 0.02004150551403927 0.02446130919380829
21 0.6854619267035618 0.15291578552106266 0.028158979318575472 0.046286953925077756
21 0.6873652056560453 0.16285204538669734 0.02024678722354256 0.02641443419380829
21 0.7764317773461109 0.12873795649010417 0.028158979318575472 0.046286953925077756
21 0.7783350562985945 0.13867421635573887 0.02024678722354256 0.02641443419380829
29 0.11337532744329978 0.2768020393390113 0.028780721966522926 0.015264467079257327
29 0.21411670060528668 0.29052988134768154 0.028780721966522926 0.015264467079257438
29 0.31150602780939146 0.23331956218235775 0.03114441038552951 0.019284473656347167
29 0.41137347932613 0.24601396340248302 0.028780721966522926 0.015264467079257382
29 0.5098420098849864 0.18788396002570415 0.031144410385529397 0.019284473656347167
29 0.6038441888822872 0.16290020336038039 0.031144410385529397 0.019284473656347167
13 0.746425262642006 0.1898728775650264 0.03155497380453598 0.023190723656347223
2 0.6495960369994569 0.2137094368647155 0.16610941957559477 0.0659686643213645