34 0.1435546875 0.1337890625 0.0224609375 0.0419921875
34 0.1435546875 0.1923828125 0.0224609375 0.0419921875
31 0.5283203125 0.1328125 0.802734375 0.0244140625
31 0.5283203125 0.1923828125 0.802734375 0.0244140625
11 0.171875 0.1884765625 0.0078125 0.0146484375
11 0.19921875 0.1796875 0.0078125 0.0146484375
11 0.2724609375 0.1884765625 0.0078125 0.0146484375
11 0.3720703125 0.16796875 0.0078125 0.0146484375
11 0.47265625 0.1884765625 0.0078125 0.0146484375
11 0.5732421875 0.16796875 0.0078125 0.0146484375
11 0.599609375 0.1796875 0.0078125 0.0146484375
11 0.626953125 0.1884765625 0.0078125 0.0146484375
9 0.18359375 0.2001953125 0.01171875 0.0244140625
9 0.2109375 0.1953125 0.01171875 0.0283203125
9 0.234375 0.19140625 0.0185546875 0.029296875
9 0.2880859375 0.16796875 0.0185546875 0.0234375
9 0.283203125 0.2001953125 0.01171875 0.0234375
9 0.310546875 0.197265625 0.01171875 0.0224609375
9 0.333984375 0.19140625 0.0185546875 0.029296875
9 0.3837890625 0.185546875 0.01171875 0.03515625
9 0.4111328125 0.1923828125 0.01171875 0.0302734375
9 0.435546875 0.1982421875 0.0166015625 0.0234375
9 0.4833984375 0.201171875 0.0107421875 0.0244140625
9 0.48828125 0.16796875 0.0185546875 0.0234375
9 0.5107421875 0.1982421875 0.01171875 0.0234375
9 0.53515625 0.1962890625 0.017578125 0.0263671875
9 0.583984375 0.1875 0.01171875 0.0390625
9 0.611328125 0.1953125 0.01171875 0.029296875
9 0.6357421875 0.2001953125 0.017578125 0.0234375
9 0.6796875 0.2060546875 0.01171875 0.0224609375
9 0.7060546875 0.19921875 0.01171875 0.025390625
9 0.7275390625 0.193359375 0.0224609375 0.0341796875
9 0.775390625 0.185546875 0.01171875 0.0234375
26 0.8544921875 0.1943359375 0.01171875 0.064453125
26 0.8544921875 0.205078125 0.01171875 0.0439453125
9 0.8544921875 0.2158203125 0.01171875 0.0224609375
26 0.873046875 0.1943359375 0.015625 0.064453125
26 0.873046875 0.205078125 0.015625 0.0439453125
21 0.3115234375 0.16796875 0.0107421875 0.01953125
21 0.51171875 0.16796875 0.01171875 0.0205078125
21 0.8017578125 0.1865234375 0.01171875 0.0439453125
21 0.8017578125 0.197265625 0.01171875 0.0224609375
21 0.89453125 0.1845703125 0.0107421875 0.0439453125
21 0.89453125 0.1943359375 0.01171875 0.0234375
29 0.224609375 0.173828125 0.02734375 0.0068359375
29 0.3193359375 0.2109375 0.02734375 0.0068359375
29 0.4248046875 0.177734375 0.02734375 0.0107421875
29 0.51953125 0.2138671875 0.02734375 0.005859375
29 0.625 0.1796875 0.02734375 0.009765625
29 0.720703125 0.177734375 0.02734375 0.0107421875
13 0.8544921875 0.2373046875 0.025390625 0.0146484375
2 0.755859375 0.23828125 0.1640625 0.009765625