34 0.2380377736215279 0.06850192628275217 0.03535103110277771 0.04814833992388784
34 0.21703017029913219 0.12938869382080825 0.03535103110277771 0.04814833992388784
2 0.28123893325862287 0.11240412366858392 0.05249001295949074 0.021600427376317732
26 0.25337060196736133 0.13968984748042507 0.02421839573518514 0.032125421197672865
26 0.2784194743754632 0.14463068616858393 0.02421839573518514 0.03212542119767292
26 0.30346834678356505 0.1495715248567428 0.024047519439235998 0.03017229619767292
26 0.3284317810436924 0.15548892604490167 0.02387664314328697 0.02821917119767292
26 0.3535660915997688 0.1594532022330605 0.02175264184733794 0.026186462452429893
26 0.37950608835989613 0.16541039529384086 0.02175264184733794 0.026186462452429893
26 0.5034569257773731 0.22730354747987816 0.01979951684733794 0.02610687870718692
26 0.5274437975375004 0.23318115679541554 0.02175264184733794 0.026186462452429893
26 0.5544457949456023 0.23820157922881738 0.01997039314328708 0.02806000370718692
26 0.5794946673537041 0.24314241791697624 0.022094394439235998 0.030092712452429893
26 0.603566977261806 0.2480434647325136 0.022094394439235998 0.03009271245242995
26 0.6286158496699078 0.25298430342067246 0.02226527073518514 0.03204583745242995
26 0.7053738393023152 0.27179265323039203 0.01997039314328708 0.028060003707186976
26 0.7293607110624426 0.2776702625459294 0.01997039314328708 0.028060003707186865
26 0.754495021618519 0.2816345387340883 0.02175264184733794 0.02618646245242995
26 0.7804350183786464 0.28759173179486863 0.019799516847337717 0.026106878707186865
26 0.8164704403272575 0.31258111482710693 0.01979951684733794 0.026106878707186976
26 0.842581313383334 0.3165851828878873 0.01997039314328708 0.028060003707186976
26 0.8675447476434612 0.32250258407604615 0.01997039314328708 0.028060003707186976
26 0.8936556206995376 0.3265066521368265 0.022094394439235998 0.03009271245242995
26 0.9186190549596649 0.33242405332498537 0.022094394439235998 0.03009271245242995
26 0.9426059267197922 0.33830166264052275 0.01997039314328708 0.028060003707186976
20 0.24665684548761602 0.1492167212446961 0.01257313147974537 0.010243127471457947
20 0.27268228039571785 0.15419735180547645 0.01240225518379634 0.008290002471457947
20 0.29781659095179425 0.1581616279936353 0.01257313147974537 0.010243127471457947
20 0.3238420258598961 0.16314225855441566 0.01435538018379634 0.00836958621670092
20 0.34897633641597253 0.16710653474257453 0.01452625647974537 0.01032271121670092
20 0.3750017713240744 0.17208716530335488 0.01435538018379634 0.00836958621670092
20 0.5060081178131948 0.22054719372512116 0.01452625647974548 0.01032271121670092
20 0.5321189908692712 0.2245512617859015 0.012402255183796118 0.008290002471457947
20 0.5571678632773731 0.22949210047406038 0.01257313147974548 0.010243127471457947
20 0.5832787363334495 0.23349616853484073 0.012402255183796118 0.008290002471457947
20 0.6083276087415513 0.2384370072229996 0.012573131479745259 0.010243127471457947
20 0.6334619192976277 0.24240128341115846 0.01435538018379634 0.00836958621670092
20 0.70061320782257 0.2813991107399061 0.012402255183796118 0.008290002471457836
20 0.7257475183786464 0.28536338692806495 0.01452625647974548 0.01032271121670103
20 0.7508818289347228 0.28932766311622377 0.014355380183796118 0.00836958621670092
20 0.7769072638428245 0.2943082936770042 0.01257313147974548 0.010243127471457836
20 0.8201690711590284 0.3039114279449714 0.012402255183796118 0.008290002471457947
20 0.8461945060671301 0.30889205850575174 0.01257313147974548 0.010243127471457947
20 0.8713288166232065 0.3128563346939106 0.012402255183796118 0.008290002471457947
20 0.8963776890313084 0.3177971733820695 0.01452625647974548 0.01032271121670092
20 0.9224885620873848 0.32180124144284983 0.01452625647974548 0.01032271121670092
20 0.9463045575515631 0.3296319757583872 0.012573131479745259 0.010243127471457947
9 0.4107441359564818 0.1892242564629717 0.01997039314328697 0.028060003707186865
20 0.41346620428825265 0.18051477770821467 0.014526256479745259 0.01032271121670092
21 0.445131442624711 0.19944582637734548 0.01997039314328697 0.028060003707186865
20 0.4424948124409147 0.2071787426321025 0.01452625647974537 0.01032271121670092
17 0.45180845623217625 0.17913697324045297 0.01044913018379634 0.008210418726214974
35 0.4586076508598961 0.16863353697618194 0.02072738407164354 0.014467712452429893
11 0.462477157987616 0.1580107250940464 0.00866688147974537 0.010083959980972002
9 0.6692042839300352 0.2595383745707752 0.01997039314328708 0.028060003707186976
20 0.672902914761806 0.25086868768863974 0.01452625647974548 0.01032271121670092
29 0.34134666511533585 0.14229455351635958 0.16655215869467588 0.057386700855168116
29 0.5926658658692712 0.22701835788843416 0.17538991647037028 0.06942378583614006
29 0.8414945222664936 0.2841994528974013 0.2672841820217591 0.09652213811731758
24 0.362562773267998 0.16864018345927545 0.013256636663541599 0.018055627471457947
24 0.6891507722664936 0.27799192076844814 0.013256636663541599 0.018055627471457947
24 0.71526164532257 0.2819959888292285 0.013256636663541599 0.018055627471457947
24 0.7403105177306718 0.28693682751738736 0.013256636663541599 0.018055627471457947
24 0.7654448282867482 0.2909011037055462 0.013256636663541599 0.018055627471457947
24 0.8096831981029519 0.300544029846135 0.013256636663541599 0.018055627471457947
24 0.8357086330110537 0.30552466040691534 0.013256636663541599 0.018055627471457947
24 0.8608429435671301 0.3094889365950742 0.013256636663541599 0.018055627471457947
24 0.885891815975232 0.314429775283233 0.013256636663541599 0.018055627471457836
24 0.9120026890313084 0.3184338433440134 0.013256636663541599 0.018055627471457947
7 0.9358186844954867 0.32626457765955075 0.01044913018379634 0.008210418726214863
11 0.4321798156807874 0.20185821953326605 0.01308576036759257 0.016102502471457947
11 0.5469383046652203 0.22319501487522392 0.01308576036759268 0.016102502471457947
19 0.6238671705935768 0.2400502396849435 0.01113263536759268 0.016022918726214974
31 0.5981706502119216 0.17530033726105565 0.796481895146296 0.25042433060670977
31 0.5820458593895259 0.23638606416221922 0.8042943951462957 0.2507426655876817