34 0.237568212907191 0.05251488730468023 0.032886911069925695 0.04833049214211714
34 0.22506822118646846 0.11472058674629765 0.032886911069925695 0.048330492142117154
2 0.286852072593376 0.09130178996206334 0.051463296279135706 0.02189642473094039
26 0.26248451701207953 0.12178125232753352 0.02257564904661713 0.032250650847705536
26 0.2879774489539499 0.12352835246206334 0.02250744441870356 0.030297525847705564
26 0.31448104570977703 0.126206530967152 0.02250744441870356 0.03029752584770551
26 0.34000807996560417 0.12893019360168181 0.02243923979078999 0.028344400847705564
26 0.36546690959351774 0.12970073123621162 0.020417910162876418 0.02630030758882318
26 0.39102804616330167 0.13340095637074145 0.020417910162876418 0.026300307588823235
26 0.5237971507448815 0.1819935830256259 0.018464785162876307 0.02620933932994085
26 0.5483476225007087 0.18476272978959687 0.020417910162876307 0.026300307588823235
26 0.5758277817565359 0.18739542416524438 0.01853298979078999 0.028162464329940906
26 0.6013207136984062 0.18914252429977418 0.01860119441870367 0.030115589329940906
26 0.6258711854542334 0.19191167106374518 0.01860119441870367 0.03011558932994085
26 0.6513641173961038 0.193658771198275 0.02062252404661713 0.032159682588823235
26 0.7300006521054555 0.2046684783429821 0.01853298979078999 0.028162464329940906
26 0.7555276863612826 0.20739214097751194 0.01853298979078999 0.028162464329940906
26 0.781020618303153 0.20913924111204174 0.020417910162876307 0.02630030758882318
26 0.8075242150589801 0.2118174196171304 0.018464785162876307 0.026209339329940906
26 0.8464286080939429 0.23348103856892513 0.018464785162876307 0.026209339329940906
26 0.8728981025358133 0.23518265457401377 0.01853298979078999 0.02816246432994085
26 0.8984251367916405 0.2379063172085436 0.01853298979078999 0.02816246432994085
26 0.9248946312335109 0.23960793321363227 0.01860119441870367 0.03011558932994085
26 0.950421665489338 0.24233159584816208 0.01860119441870367 0.030115589329940906
26 0.9750062395591219 0.24607730511213305 0.01853298979078999 0.02816246432994085
20 0.2579427276516474 0.13177429797473933 0.012059773139567853 0.010311434553293919
20 0.28441222209351774 0.133475913979828 0.011991568511654283 0.008358309553293974
20 0.3099051540353881 0.1352230141143578 0.012059773139567853 0.010311434553293919
20 0.33637464847725845 0.13692463011944647 0.013944693511654283 0.008449277812176248
20 0.3618675804191288 0.13867173025397628 0.014012898139567853 0.010402402812176248
20 0.38833707486099917 0.14037334625906495 0.013944693511654283 0.008449277812176248
20 0.5254774572332273 0.17409011476674358 0.014012898139567742 0.010402402812176248
20 0.5519469516750977 0.17579173077183224 0.011991568511654283 0.008358309553293974
20 0.5774398836169681 0.17753883090636205 0.012059773139567742 0.010311434553293919
20 0.6039434803727952 0.1802170094114507 0.011991568511654283 0.008358309553293974
20 0.6294023100007087 0.18098754704598052 0.012059773139567742 0.010311434553293919
20 0.6548952419425791 0.18273464718051033 0.013944693511654283 0.008449277812176248
20 0.7274119877450234 0.2145705557313056 0.011991568511654283 0.008358309553293919
20 0.7529049196868938 0.21631765586583543 0.014012898139567742 0.010402402812176248
20 0.7783978516287641 0.21806475600036523 0.013944693511654283 0.008449277812176248
20 0.8048673460706344 0.2197663720054539 0.012059773139567742 0.010311434553293974
20 0.8490513747683319 0.22455552368060164 0.011991568511654283 0.008358309553293919
20 0.8755208692102023 0.2262571396856903 0.012059773139567742 0.010311434553293919
20 0.9010138011520726 0.2280042398202201 0.011991568511654283 0.008358309553293974
20 0.9265067330939429 0.22975133995474994 0.014012898139567742 0.010402402812176248
20 0.9529762275358133 0.23145295595983859 0.014012898139567742 0.010402402812176248
20 0.978571466419554 0.23612974359436842 0.012059773139567742 0.010311434553293919
9 0.42595798457035094 0.15329338684030083 0.01853298979078999 0.028162464329940906
20 0.4276041887447399 0.1444133560814185 0.014012898139567853 0.010402402812176248
21 0.4613870530820052 0.15946845818041905 0.01853298979078999 0.02816246432994085
20 0.45974084890761624 0.16834848893930135 0.014012898139567742 0.010402402812176248
17 0.4655878193028695 0.13970978753321323 0.010038443511654283 0.00826734129441159
35 0.4710720688493449 0.12869469525656627 0.020008682395394994 0.014581557588823235
11 0.47261596608186346 0.11688497699768394 0.008153523139567853 0.010129498035529289
9 0.6934927141519309 0.19560920363230505 0.01853298979078999 0.02816246432994085
20 0.6951730206402766 0.18770573537342275 0.014012898139567742 0.010402402812176248
29 0.3502728350702092 0.11475799317782906 0.1637462860699257 0.0544253654872327
29 0.6124597243611409 0.17199515224648027 0.1720362184653208 0.06846111352276196
29 0.8678044531515057 0.20313802859177843 0.26439109369698865 0.0922678716902311
24 0.3755394554191288 0.13803495244180003 0.012332591651222136 0.01812393455329392
24 0.714614368303153 0.21223216191404068 0.012332591651222025 0.01812393455329392
24 0.7410838627450234 0.21393377791912935 0.012332591651222025 0.01812393455329392
24 0.7665767946868938 0.21568087805365915 0.012332591651222025 0.018123934553293974
24 0.7930462891287641 0.21738249405874782 0.012332591651222025 0.01812393455329392
24 0.8382068803264615 0.22212616160445442 0.012332591651222025 0.01812393455329392
24 0.8647104770822887 0.2248043401095431 0.012332591651222025 0.018123934553293974
24 0.8902034090241591 0.2265514402440729 0.012332591651222025 0.01812393455329392
24 0.9156622386520725 0.2273219778786027 0.012332591651222025 0.018123934553293974
24 0.9421658354078997 0.23000015638369137 0.012332591651222025 0.01812393455329392
7 0.9667504094776836 0.23374586564766234 0.010038443511654283 0.00826734129441159
11 0.4487940475238756 0.16298943936315413 0.012264387023308565 0.016170809553293974
11 0.5665271845471841 0.17315634383021483 0.012264387023308565 0.016170809553293974
19 0.6450614123146655 0.18123636347492195 0.010311262023308565 0.01607984129441159
31 0.609182790721006 0.11995126163203114 0.781634418557988 0.23990252326406228
31 0.6029498460176231 0.18221561854089188 0.7941003079647537 0.24173833332957567