34 0.1435546875 0.1337890625 0.0224609375 0.0419921875
34 0.1435546875 0.197265625 0.0224609375 0.0419921875
2 0.19921875 0.1630859375 0.0498046875 0.0078125
26 0.181640625 0.197265625 0.0146484375 0.0283203125
26 0.20703125 0.1943359375 0.015625 0.02734375
26 0.2333984375 0.1923828125 0.015625 0.0263671875
26 0.2587890625 0.1904296875 0.0166015625 0.0244140625
26 0.2841796875 0.1875 0.0146484375 0.0234375
26 0.310546875 0.185546875 0.0146484375 0.0224609375
26 0.4501953125 0.2099609375 0.0126953125 0.0224609375
26 0.474609375 0.2080078125 0.013671875 0.0234375
26 0.501953125 0.2060546875 0.01171875 0.0244140625
26 0.52734375 0.203125 0.0126953125 0.0263671875
26 0.552734375 0.201171875 0.0126953125 0.02734375
26 0.578125 0.1982421875 0.0126953125 0.0283203125
26 0.6572265625 0.1953125 0.0126953125 0.025390625
26 0.6826171875 0.193359375 0.0126953125 0.0244140625
26 0.7080078125 0.1904296875 0.013671875 0.0234375
26 0.734375 0.1884765625 0.0126953125 0.0224609375
26 0.77734375 0.2021484375 0.0126953125 0.0234375
26 0.8037109375 0.19921875 0.0126953125 0.0244140625
26 0.8291015625 0.197265625 0.01171875 0.025390625
26 0.85546875 0.1943359375 0.0126953125 0.0263671875
26 0.880859375 0.1923828125 0.0126953125 0.02734375
26 0.90625 0.19140625 0.0126953125 0.025390625
20 0.1787109375 0.2080078125 0.0107421875 0.0068359375
20 0.205078125 0.205078125 0.0107421875 0.005859375
20 0.23046875 0.2021484375 0.0107421875 0.0068359375
20 0.2568359375 0.19921875 0.01171875 0.005859375
20 0.2822265625 0.1962890625 0.01171875 0.0068359375
20 0.30859375 0.193359375 0.01171875 0.005859375
20 0.4501953125 0.2021484375 0.01171875 0.0068359375
20 0.4765625 0.19921875 0.0107421875 0.005859375
20 0.501953125 0.1962890625 0.0107421875 0.0068359375
20 0.5283203125 0.193359375 0.0107421875 0.005859375
20 0.5537109375 0.1904296875 0.0107421875 0.0068359375
20 0.5791015625 0.1875 0.01171875 0.005859375
20 0.65625 0.205078125 0.0107421875 0.005859375
20 0.681640625 0.2021484375 0.01171875 0.0068359375
20 0.70703125 0.19921875 0.01171875 0.005859375
20 0.7333984375 0.1962890625 0.0107421875 0.0068359375
20 0.7783203125 0.193359375 0.0107421875 0.005859375
20 0.8046875 0.1904296875 0.0107421875 0.0068359375
20 0.830078125 0.1875 0.0107421875 0.005859375
20 0.85546875 0.1845703125 0.01171875 0.0068359375
20 0.8818359375 0.181640625 0.01171875 0.0068359375
20 0.9072265625 0.181640625 0.0107421875 0.0068359375
9 0.3486328125 0.19921875 0.01171875 0.0244140625
20 0.3486328125 0.1904296875 0.01171875 0.0068359375
21 0.384765625 0.19921875 0.01171875 0.0244140625
20 0.384765625 0.2080078125 0.01171875 0.0068359375
17 0.384765625 0.1787109375 0.0087890625 0.005859375
35 0.3876953125 0.1669921875 0.017578125 0.009765625
11 0.3876953125 0.1552734375 0.0048828125 0.009765625
9 0.619140625 0.193359375 0.01171875 0.0244140625
20 0.619140625 0.1845703125 0.01171875 0.0068359375
29 0.2666015625 0.1748046875 0.1640625 0.0107421875
29 0.53515625 0.1845703125 0.1689453125 0.0224609375
29 0.7919921875 0.1689453125 0.2626953125 0.0224609375
24 0.2958984375 0.193359375 0.0087890625 0.0166015625
24 0.6435546875 0.205078125 0.0078125 0.0166015625
24 0.669921875 0.2021484375 0.0087890625 0.0166015625
24 0.6953125 0.19921875 0.0087890625 0.0166015625
24 0.7216796875 0.1962890625 0.0087890625 0.0166015625
24 0.7666015625 0.193359375 0.0087890625 0.0166015625
24 0.79296875 0.1904296875 0.0087890625 0.0166015625
24 0.818359375 0.1875 0.0078125 0.0166015625
24 0.84375 0.1845703125 0.0078125 0.0166015625
24 0.8701171875 0.181640625 0.0087890625 0.0166015625
7 0.8955078125 0.181640625 0.0087890625 0.005859375
11 0.373046875 0.205078125 0.0078125 0.0146484375
11 0.490234375 0.193359375 0.0078125 0.0146484375
19 0.5693359375 0.1875 0.005859375 0.015625
31 0.5283203125 0.1328125 0.802734375 0.0244140625
31 0.5283203125 0.1962890625 0.802734375 0.0244140625