34 0.144199543010086 0.14365496189612378 0.025438801695411073 0.0436507115993402
34 0.14790515327655565 0.20227712696276295 0.025438801695411073 0.0436507115993402
31 0.5276702166039979 0.1479861455853198 0.8045537401776466 0.06241968477740245
31 0.5314213109999087 0.207584873151959 0.8045537401776464 0.06241968477740245
11 0.17506696675879102 0.1991664988286599 0.008540246071058577 0.015852320533113362
11 0.2019558754643794 0.1901964956945568 0.008540246071058577 0.015852320533113418
11 0.2755619359999087 0.20014012569249495 0.008540246071058522 0.015852320533113362
11 0.37412517602276196 0.18057752498969087 0.008540246071058633 0.015852320533113362
11 0.47562079611158525 0.203035526853526 0.008540246071058633 0.015852320533113362
11 0.5751605986344386 0.18350134121736109 0.008540246071058633 0.015852320533113418
11 0.6020281115582913 0.19501073551661882 0.008540246071058633 0.015852320533113418
11 0.6297812187232616 0.20459541988251576 0.008540246071058633 0.015852320533113418
9 0.18830808881208494 0.21125464469496916 0.012901337365470167 0.0257316057996701
9 0.21537893403543798 0.20619089156086606 0.013083273883234825 0.029637855799670154
9 0.23863449751767335 0.2029666031602063 0.020895773883234825 0.029865176332783516
9 0.2902317692816443 0.1800869542587218 0.02062286910658795 0.024005801332783516
9 0.2878264955532026 0.21219985649216508 0.012810369106587838 0.0237784807996701
9 0.31498830903543795 0.20908922835806198 0.012810369106587949 0.023778480799670154
9 0.338152904258791 0.2039118149574022 0.020895773883234825 0.029865176332783516
9 0.3866626403527029 0.198496630789361 0.013356178659881701 0.0354972307996701
9 0.415301341758791 0.2061566052218971 0.013174242142117154 0.031590980799670154
9 0.4399428249059968 0.2117497943878765 0.01866974410658795 0.02394897119950512
9 0.4878853556648791 0.2150952576531961 0.012901337365470278 0.0257316057996701
9 0.49024514526387963 0.1820057929197528 0.02062286910658795 0.024005801332783516
9 0.5150926532765556 0.21296119201909303 0.012810369106587949 0.023778480799670154
9 0.5393702633882322 0.21074188118507242 0.018851680624352607 0.02785522119950512
9 0.5868124687232616 0.20334515695039201 0.013538115177646581 0.0394034807996701
9 0.6154511701293499 0.21100513138292812 0.013083273883234714 0.0296378557996701
9 0.6400926532765556 0.21659832054890749 0.01866974410658795 0.02394897119950512
9 0.6842653864237616 0.2227598110476704 0.012810369106587949 0.023778480799670154
9 0.7102687008882322 0.21571451784692816 0.012901337365470056 0.0257316057996701
9 0.7305036086115853 0.21045185924635085 0.025074928659881923 0.0358382115993402
9 0.7779458139466148 0.20305513501167044 0.012810369106587949 0.023778480799670154
26 0.8574112494821441 0.2131692554094437 0.016673827543116637 0.06485093593294844
26 0.8588881374059969 0.22393985797608285 0.013811019954293347 0.045262855799670154
9 0.8593884628298496 0.23468204547608285 0.012810369106587949 0.023778480799670154
26 0.8759204528527029 0.21273257917558802 0.020580077543116637 0.06496459619950518
26 0.8773973407765556 0.22350318174222722 0.017717269954293347 0.045376516066226835
21 0.3136237851522031 0.17979235335806198 0.01262843258882329 0.019872230799670154
21 0.5136826452638796 0.18268775451909303 0.012719400847705398 0.021825355799670154
21 0.8043584855760559 0.2047989043109282 0.013811019954293347 0.0452628557996701
21 0.8058353734999086 0.21556950687756737 0.012810369106587949 0.0237784807996701
21 0.8969499865582913 0.20359208564164988 0.013811019954293347 0.045262855799670154
21 0.8974048278527029 0.21335771064164988 0.012810369106587949 0.023778480799670154
29 0.22707359568773244 0.18507591242717536 0.027707623035529316 0.008608121865896934
29 0.32441414934761426 0.22301683895781457 0.027707623035529316 0.008608121865896934
29 0.42726890818773244 0.19090100108820637 0.027889559553293974 0.012514371865896934
29 0.5246094618476143 0.2288419276188456 0.027616654776646987 0.006654996865896878
29 0.6274187365582913 0.1957495272492374 0.027798591294411645 0.010561246865896878
29 0.7229399250405266 0.19462795377987663 0.027889559553293974 0.012514371865896878
13 0.8603891136775551 0.25616642047608285 0.026118371071058633 0.016363791732618593
2 0.7618472694364374 0.2552496237455261 0.16460830955329397 0.016492481195381492