34 0.473007151326006 0.00942976690788019 0.04617319734798797 0.01885953381576038
31 0.7117268982845162 0.27016059145903065 0.5765462034309676 0.5403211829180613
9 0.4898362269801857 0.005449657740358297 0.028140046039628608 0.010899315480716595
9 0.5102967927863773 0.021436969901425195 0.024802578925077867 0.02357385538619427
9 0.5386836151696589 0.03689152566868236 0.03720386838761658 0.0353607830792914
9 0.5631641875529403 0.05236880733363858 0.04971891442724541 0.049100835772388524
9 0.5769122040309584 0.0845044662428424 0.028936342079257216 0.027502831283893303
9 0.5969746218173358 0.10879353630549765 0.024802578925077645 0.023573855386194276
9 0.6243848817006173 0.12425377354717958 0.03720386838761658 0.035360783079291386
9 0.6498988948724438 0.13874881123771104 0.05167203942724541 0.049112198721238065
9 0.6941478620046415 0.16680209443974725 0.03720386838761658 0.03536078307929136
9 0.7123140330795638 0.19012596495125203 0.04133763154179615 0.03928975897699044
9 0.7388046087513902 0.20461532116735873 0.02686946050216754 0.02553834333504379
9 0.7549038982492227 0.22990367962771302 0.03307010523343701 0.03143180718159233
9 0.7595215824959713 0.2679498468067397 0.031003223656347334 0.029467319232742817
9 0.7766543127823486 0.29225596129266923 0.024802578925077867 0.023573855386194276
9 0.8040645726656301 0.30771619853435117 0.039270749964706475 0.03732527102814087
9 0.8213110595290973 0.33006918802028073 0.03720386838761658 0.03536078307929147
9 0.8553962536414808 0.36501522346656456 0.031003223656347112 0.029467319232742817
9 0.872528983927858 0.3893213379524941 0.024802578925077867 0.023573855386194276
9 0.9009158063111397 0.40477589371975126 0.03720386838761658 0.03536078307929136
9 0.9190819773860619 0.42809976423125606 0.03513698681052668 0.033396295130441844
9 0.9411543984609841 0.4514009088450618 0.031003223656347112 0.029467319232742817
9 0.9582871287473615 0.4757070233309913 0.024802578925077867 0.023573855386194276
20 0.49787624013436527 0.0014979559449602084 0.012060019731269467 0.002995911889920417
20 0.5164974375176468 0.01554350605487663 0.012401289462538934 0.011786927693097131
20 0.5510849046321977 0.02510459797558523 0.012401289462538934 0.011786927693097131
20 0.580618924381114 0.03762378476841764 0.012401289462538934 0.011786927693097138
20 0.5851228520507727 0.0776230769474443 0.012401289462538934 0.011786927693097138
20 0.6021987040486052 0.10290575393337384 0.012401289462538934 0.011786927693097138
20 0.6368430494517011 0.11149028335408245 0.012401289462538934 0.011786927693097138
20 0.6693636349891623 0.12301586322364058 0.012401289462538934 0.011786927693097138
20 0.683121283061917 0.17174740315841963 0.014468171039628608 0.013751415641946652
20 0.6980733751941147 0.1999711305931987 0.012401289462538934 0.011786927693097082
20 0.7317411580972106 0.20856134148833205 0.012401289462538934 0.011786927693097138
20 0.7455460528637736 0.2397204378975359 0.012401289462538934 0.011786927693097138
20 0.7688225495928755 0.25910965103691685 0.012401289462538934 0.011786927693097082
20 0.7827980792250733 0.28733905994612063 0.012401289462538934 0.011786927693097082
20 0.8183621088396242 0.2968944703924045 0.012401289462538934 0.011786927693097082
20 0.8323945167603668 0.32414731680160835 0.014468171039628608 0.013751415641946707
20 0.863720658238385 0.3561807091711665 0.012401289462538934 0.011786927693097082
20 0.8786727503705827 0.3844044366059455 0.012401289462538934 0.011786927693097082
20 0.9132602174851336 0.3939655285266541 0.012401289462538934 0.011786927693097082
20 0.9303360694829661 0.4192482055125837 0.012401289462538934 0.011786927693097082
20 0.9494219247693434 0.44354295704966373 0.014468171039628608 0.013751415641946707
20 0.9653505794015411 0.471761003010018 0.012401289462538934 0.011786927693097082