9 0.42350979001902805 0.006619390370800174 0.027980419961943892 0.013238780741600347
9 0.45073416440116354 0.009463855754428757 0.02431292119767292 0.018927711508857515
9 0.4732962432034907 0.02946536592956612 0.03072938241437384 0.03532669423274283
9 0.5019962401141682 0.04394335919682328 0.02650479743340184 0.02749146833504379
9 0.5245981107891169 0.06431481631062902 0.028617089923887784 0.0314090812838933
9 0.5522419614545515 0.08075161605231095 0.02650479743340206 0.02749146833504379
9 0.5738274777568786 0.10210531714054144 0.03072938241437373 0.03532669423274282
9 0.6015907040401777 0.11561242938222337 0.02455167243340184 0.027480105386194248
9 0.6344970516162898 0.14666357777735672 0.02650479743340184 0.02749146833504379
9 0.6611643397817244 0.16310605899346342 0.02650479743340184 0.02749146833504379
9 0.6857591273292944 0.18248959065841963 0.030649798669130757 0.03337356923274282
9 0.7135223536125936 0.19599670290010157 0.02650479743340206 0.02749146833504379
9 0.7350680780422992 0.21832696648833205 0.02650479743340184 0.02749146833504379
9 0.7616955743351124 0.23574601020443875 0.02658438117864481 0.02944459333504379
9 0.7853535912553039 0.2541586608438197 0.030649798669130757 0.03337356923274282
9 0.814093380038603 0.2676600916110769 0.02650479743340184 0.02749146833504379
9 0.8469997276147152 0.29871124000621024 0.02650479743340184 0.02749146833504379
9 0.8716343070349067 0.31711820917116645 0.028617089923887784 0.0314090812838933
9 0.8972852408277199 0.3345429343616979 0.030649798669130757 0.03337356923274282
9 0.9260648214836404 0.3470678026289551 0.02650479743340184 0.02749146833504379
9 0.9485473165407245 0.3703689472427608 0.02650479743340184 0.02749146833504379
9 0.9701726247156732 0.3907460858309913 0.02877625741437395 0.0353153312838933
34 0.39014749752854205 0.010644951333720155 0.043923754942915894 0.02128990266744031
20 0.4158166656368925 0.0036897028708001737 0.012116668726214974 0.0073794057416003474
20 0.4466687469106776 0.012046322213459427 0.014149377471457947 0.011798290641946655
20 0.46410926197727576 0.039282124199388965 0.014149377471457836 0.011798290641946652
20 0.4949215513784393 0.04984250451779661 0.014149377471457836 0.011798290641946652
20 0.5164274839355234 0.0731493306060271 0.014149377471457836 0.011798290641946652
20 0.5451672727188226 0.08665076137328427 0.012196252471457836 0.011786927693097138
20 0.5646802884032851 0.1109455129103643 0.014149377471457836 0.011798290641946652
20 0.5954527859318273 0.12248245572877192 0.012196252471457836 0.011786927693097138
20 0.6283591335079393 0.1535336041239053 0.014149377471457836 0.011798290641946652
20 0.6550662135459955 0.168999522840012 0.014149377471457836 0.011798290641946652
20 0.676611937975701 0.1913297864282425 0.014149377471457836 0.011798290641946707
20 0.7073844355042431 0.20286672924665014 0.012196252471457836 0.011786927693097138
20 0.7289301599339488 0.22519699283488062 0.012196252471457836 0.011786927693097138
20 0.7536045312267619 0.24262739949983683 0.012196252471457836 0.011786927693097138
20 0.7781197350290889 0.263964056164793 0.014149377471457836 0.011798290641946707
20 0.8079554619302525 0.2745301179576255 0.014149377471457836 0.011798290641946707
20 0.8409016013789863 0.30460470385275884 0.012196252471457836 0.011786927693097082
20 0.8644800345539347 0.32497047949213975 0.014149377471457836 0.011798290641946707
20 0.8891146139741264 0.34337744865709596 0.014149377471457836 0.011798290641946707
20 0.9199269033752899 0.35393782897550363 0.012196252471457836 0.011786927693097082
20 0.9414726278049956 0.37626809256373417 0.014149377471457836 0.011798290641946707
20 0.9629387684894581 0.4005514811519646 0.014149377471457836 0.011798290641946707
31 0.6762753686791918 0.2264595823592954 0.6474492626416164 0.4529191647185908