9 0.1484375 0.1298828125 0.013671875 0.029296875
9 0.1796875 0.1259765625 0.013671875 0.021484375
9 0.2109375 0.1318359375 0.013671875 0.033203125
9 0.2431640625 0.126953125 0.013671875 0.0234375
9 0.2744140625 0.1298828125 0.013671875 0.029296875
9 0.306640625 0.126953125 0.013671875 0.0234375
9 0.337890625 0.1318359375 0.013671875 0.033203125
9 0.369140625 0.126953125 0.0126953125 0.0234375
9 0.4150390625 0.1328125 0.013671875 0.0234375
9 0.4462890625 0.130859375 0.013671875 0.0234375
9 0.478515625 0.1328125 0.0146484375 0.03125
9 0.509765625 0.126953125 0.013671875 0.0234375
9 0.541015625 0.1328125 0.013671875 0.0234375
9 0.5732421875 0.1318359375 0.013671875 0.025390625
9 0.6044921875 0.1328125 0.0146484375 0.03125
9 0.6357421875 0.126953125 0.013671875 0.0234375
9 0.681640625 0.1328125 0.013671875 0.0234375
9 0.712890625 0.1337890625 0.013671875 0.029296875
9 0.7451171875 0.1328125 0.013671875 0.03125
9 0.7763671875 0.126953125 0.013671875 0.0234375
9 0.80859375 0.1328125 0.0146484375 0.0234375
9 0.83984375 0.1357421875 0.013671875 0.0322265625
9 0.87109375 0.1328125 0.013671875 0.03125
9 0.90234375 0.126953125 0.0126953125 0.0234375
34 0.111328125 0.1337890625 0.0224609375 0.0419921875
20 0.146484375 0.1416015625 0.0107421875 0.005859375
20 0.1787109375 0.1328125 0.0107421875 0.0068359375
20 0.2099609375 0.14453125 0.0107421875 0.0068359375
20 0.2412109375 0.1357421875 0.01171875 0.005859375
20 0.2734375 0.1416015625 0.01171875 0.005859375
20 0.3046875 0.1357421875 0.0107421875 0.005859375
20 0.3359375 0.14453125 0.0107421875 0.0068359375
20 0.3681640625 0.1357421875 0.0107421875 0.005859375
20 0.4140625 0.1416015625 0.01171875 0.005859375
20 0.4453125 0.138671875 0.01171875 0.0068359375
20 0.4765625 0.14453125 0.0107421875 0.0068359375
20 0.5087890625 0.1357421875 0.0107421875 0.005859375
20 0.5400390625 0.1416015625 0.0107421875 0.005859375
20 0.5712890625 0.1416015625 0.0107421875 0.005859375
20 0.603515625 0.14453125 0.01171875 0.0068359375
20 0.634765625 0.1357421875 0.01171875 0.005859375
20 0.6806640625 0.1416015625 0.0107421875 0.005859375
20 0.7119140625 0.14453125 0.0107421875 0.0068359375
20 0.7431640625 0.14453125 0.0107421875 0.0068359375
20 0.775390625 0.1357421875 0.0107421875 0.005859375
20 0.806640625 0.1416015625 0.01171875 0.005859375
20 0.8388671875 0.1484375 0.01171875 0.0068359375
20 0.8701171875 0.14453125 0.0107421875 0.0068359375
20 0.9013671875 0.1357421875 0.0107421875 0.005859375
31 0.5126953125 0.1328125 0.833984375 0.0244140625