9 0.4144719357756488 0.006647797742923979 0.028162621551297562 0.013295595485847958
9 0.44397352866347317 0.010463144152127802 0.024665807326946343 0.020926288304255605
9 0.4675604145465072 0.030493061699388965 0.031139335990419403 0.03532669423274283
9 0.4985503646538925 0.04398881099222137 0.026823650214770622 0.02749146833504379
9 0.5230626335649706 0.0643602681060271 0.028981493102595124 0.0314090812838933
9 0.5522018176162681 0.07982050534770904 0.026823650214770733 0.02749146833504379
9 0.5767652659993021 0.10116852496151477 0.031139335990419514 0.03532669423274282
9 0.6067274741347314 0.11369339322877192 0.024870525214770733 0.027480105386194276
9 0.6425449047373264 0.1447445416239053 0.026823650214770733 0.02749146833504379
9 0.670707526288624 0.160210460340012 0.026823650214770733 0.02749146833504379
9 0.6971217407277459 0.1795939920049682 0.031036977046507097 0.03337356923274282
9 0.7270839488631751 0.19211886027222536 0.026823650214770733 0.02749146833504379
9 0.7507220142181652 0.21444912386045586 0.026823650214770733 0.02749146833504379
9 0.7789358152414189 0.23089160507656256 0.02692600915868293 0.02944459333504379
9 0.8052988502085847 0.24929857424151877 0.031036977046507097 0.03337356923274287
9 0.8352610583440139 0.2618234425087759 0.026823650214770733 0.02749146833504379
9 0.8710273094746528 0.29189802840390927 0.026823650214770733 0.02749146833504379
9 0.8973903444418188 0.31030499756886554 0.028981493102595124 0.031409081283893414
9 0.9256553249370283 0.3277240412849722 0.031036977046507097 0.03337356923274282
9 0.9556175330724577 0.34024890955222936 0.026823650214770733 0.02749146833504379
9 0.9802321609274478 0.3625734916660351 0.026823650214770733 0.02749146833504379
9 0.99505007243568 0.38196270480541605 0.00989985512864 0.03532669423274282
34 0.38342665366347317 0.0106676772314192 0.04419705732694634 0.0213353544628384
20 0.4065058973597805 0.003718110242923979 0.012230544719560976 0.007436220485847958
20 0.44027199655129756 0.013068336508857515 0.014286028663473171 0.011798290641946658
20 0.4602597092660682 0.040304138494787055 0.014286028663473171 0.011798290641946652
20 0.49207268345758526 0.050864518813194703 0.014286028663473171 0.011798290641946652
20 0.5166873113125754 0.07318910092700043 0.014286028663473171 0.011798290641946652
20 0.5466495194480047 0.08571396919425761 0.012332903663473171 0.011786927693097138
20 0.568436818746907 0.11000872073133762 0.014286028663473171 0.011798290641946652
20 0.6012263554384241 0.12056341957532049 0.012332903663473171 0.011786927693097138
20 0.6370437860410191 0.15161456797045386 0.014286028663473171 0.011798290641946652
20 0.6651552281203605 0.16610392418656056 0.014286028663473171 0.011798290641946652
20 0.6897698559753507 0.18842850630036628 0.014286028663473171 0.011798290641946652
20 0.7215828301668678 0.19898888661877392 0.012332903663473171 0.011786927693097138
20 0.745220895521858 0.22131915020700443 0.012332903663473171 0.011786927693097138
20 0.7725093135170676 0.2387438753975359 0.012332903663473171 0.011786927693097138
20 0.7979981449281457 0.25910965103691685 0.014286028663473171 0.011798290641946707
20 0.8297599396477066 0.2686934688553245 0.014286028663473171 0.011798290641946707
20 0.8665027532783456 0.29876237327603306 0.012332903663473171 0.011786927693097082
20 0.8910150221894235 0.31913383038983884 0.014286028663473171 0.011798290641946707
20 0.9182522607126771 0.3355819930803703 0.014286028663473171 0.011798290641946707
20 0.9500652349041941 0.34614237339877796 0.012332903663473171 0.011786927693097082
20 0.9746798627591844 0.3684669555125837 0.014286028663473171 0.011798290641946707
20 0.9956386363631751 0.3927503441008141 0.008722727273649866 0.011798290641946707
31 0.681640625 0.22159949575699445 0.63671875 0.4431989915139889