34 0.13671875 0.1337890625 0.0224609375 0.0419921875
26 0.1748046875 0.126953125 0.0166015625 0.0234375
26 0.1943359375 0.126953125 0.0107421875 0.0234375
26 0.251953125 0.126953125 0.01953125 0.0234375
26 0.34765625 0.126953125 0.0166015625 0.0234375
26 0.369140625 0.126953125 0.013671875 0.0234375
26 0.3896484375 0.126953125 0.01171875 0.0234375
26 0.4619140625 0.126953125 0.01953125 0.0234375
26 0.505859375 0.126953125 0.01953125 0.0234375
26 0.6015625 0.126953125 0.0146484375 0.0234375
26 0.6220703125 0.126953125 0.01171875 0.0234375
26 0.6435546875 0.126953125 0.0107421875 0.0234375
26 0.6845703125 0.126953125 0.01953125 0.0234375
26 0.728515625 0.126953125 0.01953125 0.0234375
26 0.7734375 0.126953125 0.01953125 0.0234375
26 0.8681640625 0.126953125 0.0146484375 0.0234375
26 0.888671875 0.126953125 0.01171875 0.0234375
26 0.9111328125 0.126953125 0.01171875 0.0234375
20 0.171875 0.1357421875 0.01171875 0.005859375
20 0.1943359375 0.1357421875 0.0107421875 0.005859375
20 0.248046875 0.1357421875 0.01171875 0.005859375
20 0.345703125 0.1357421875 0.01171875 0.005859375
20 0.3681640625 0.1357421875 0.01171875 0.005859375
20 0.3896484375 0.1357421875 0.01171875 0.005859375
20 0.4580078125 0.1357421875 0.0107421875 0.005859375
20 0.501953125 0.1357421875 0.01171875 0.005859375
20 0.599609375 0.1357421875 0.01171875 0.005859375
20 0.6220703125 0.1357421875 0.01171875 0.005859375
20 0.6435546875 0.1357421875 0.0107421875 0.005859375
20 0.6806640625 0.1357421875 0.0107421875 0.005859375
20 0.724609375 0.1357421875 0.0107421875 0.005859375
20 0.7685546875 0.1357421875 0.01171875 0.005859375
20 0.8662109375 0.1357421875 0.01171875 0.005859375
20 0.888671875 0.1357421875 0.01171875 0.005859375
20 0.9111328125 0.1357421875 0.0107421875 0.005859375
10 0.21484375 0.1337890625 0.0078125 0.009765625
10 0.291015625 0.1337890625 0.0087890625 0.009765625
10 0.4248046875 0.1337890625 0.0087890625 0.009765625
10 0.544921875 0.1337890625 0.0078125 0.009765625
10 0.8115234375 0.1337890625 0.0087890625 0.009765625
27 0.26953125 0.13671875 0.0107421875 0.015625
27 0.3232421875 0.13671875 0.0107421875 0.0166015625
27 0.4794921875 0.13671875 0.0107421875 0.0166015625
27 0.5234375 0.13671875 0.0107421875 0.0166015625
27 0.5771484375 0.13671875 0.0107421875 0.015625
27 0.7021484375 0.13671875 0.0107421875 0.0166015625
27 0.7470703125 0.13671875 0.0107421875 0.0166015625
27 0.791015625 0.13671875 0.0107421875 0.015625
27 0.8447265625 0.13671875 0.0107421875 0.015625
31 0.525390625 0.1328125 0.80859375 0.0244140625