10 0.2794921957792774 0.04537000355324679 0.012127977767481424 0.012401289462538878
10 0.32579986104675884 0.05441547399163622 0.012127977767481424 0.012401289462538878
10 0.37116506612819705 0.06449438521857057 0.012127977767481424 0.012401289462538878
10 0.4332341406515056 0.0765360530402415 0.010174852767481424 0.012287532885449037
10 0.4795759082329438 0.08655808597863093 0.010174852767481424 0.012287532885449037
10 0.5495597896981228 0.10107441499194264 0.012127977767481202 0.012401289462538878
10 0.5870101878376905 0.10867866502723622 0.012127977767481424 0.012401289462538878
10 0.6569940693028695 0.12319499404054793 0.012127977767481424 0.012401289462538878
10 0.679693723000567 0.1287227309040151 0.012127977767481424 0.012401289462538878
10 0.7417627975238755 0.14076439872568602 0.010174852767481424 0.012287532885449037
10 0.8107701164890545 0.15533760602754262 0.012127977767481424 0.012401289462538878
10 0.8580884465704927 0.16530276067738717 0.012127977767481424 0.012401289462538878
10 0.8945622822100605 0.17296388900122567 0.012127977767481424 0.012401289462538823
22 0.9881541752450234 0.19099795158945962 0.014353921279135706 0.020327546039628663
34 0.2459480476397096 0.03753824036377358 0.03484003606992564 0.048808861810526794
9 0.30882317309323426 0.04464021739689962 0.02634548979078999 0.02882258550216754
9 0.3551308383607157 0.053685687835289056 0.02439236479078999 0.02870882892507773
9 0.40147260594215384 0.06370772077367849 0.02634548979078999 0.02882258550216754
9 0.4635416804654624 0.07574938859534944 0.02634548979078999 0.02882258550216754
9 0.5098834480469007 0.08577142153373887 0.02634548979078999 0.02882258550216754
9 0.5325489994306414 0.09032259589720604 0.026345489790789767 0.02882258550216754
9 0.6163411651516474 0.10794887887088905 0.02634548979078999 0.02882258550216754
9 0.6400173813493448 0.11341973744581132 0.02634548979078999 0.02882258550216754
9 0.7100012628145238 0.12793606645912303 0.02634548979078999 0.02882258550216754
9 0.7720703373378324 0.13997773428079396 0.02439236479078999 0.028708828925077756
9 0.7947699910355298 0.14550547114426113 0.02634548979078999 0.02882258550216754
9 0.8410776563030112 0.15455094158265056 0.02634548979078999 0.02882258550216754
9 0.9248698220240174 0.17217722455633358 0.02634548979078999 0.02882258550216754
9 0.9455481460938013 0.17586559299689056 0.018464785162876307 0.02641443419380829
9 0.9682477997914987 0.18139332986035772 0.018464785162876307 0.02641443419380829
20 0.3032025142909317 0.05181742462816905 0.013944693511654283 0.008608796039628677
20 0.3495442818723699 0.06183945756655849 0.013944693511654283 0.008608796039628677
20 0.39585194713985133 0.07088492800494792 0.013944693511654283 0.008608796039628663
20 0.4579551239771167 0.08390315832661888 0.011991568511654283 0.008495039462538878
20 0.504296891558555 0.0939251912650083 0.011991568511654283 0.008495039462538878
20 0.5269624429422957 0.09847636562847548 0.011991568511654283 0.008495039462538878
20 0.6107546086633017 0.11610264860215849 0.013944693511654283 0.008608796039628663
20 0.6343967225470424 0.12059694467708075 0.013944693511654283 0.008608796039628691
20 0.7043806040122212 0.13511327369039244 0.013944693511654283 0.008608796039628719
20 0.7664837808494867 0.14813150401206338 0.011991568511654283 0.008495039462538823
20 0.7891493322332274 0.15268267837553057 0.011991568511654283 0.008495039462538823
20 0.8354910998146655 0.16270471131392 0.011991568511654283 0.008495039462538823
20 0.9192832655356716 0.18033099428760302 0.013944693511654283 0.008608796039628719
20 0.9419488169194123 0.18488216865107018 0.013944693511654283 0.008608796039628663
20 0.9655909308031531 0.18937646472599245 0.013944693511654283 0.008608796039628719
31 0.6129185291512221 0.12724805931733585 0.7741629416975557 0.2544961186346717