10 0.1708984375 0.1337890625 0.0087890625 0.009765625
10 0.21875 0.1337890625 0.0087890625 0.009765625
10 0.265625 0.1337890625 0.0087890625 0.009765625
10 0.3291015625 0.1337890625 0.0078125 0.009765625
10 0.376953125 0.1337890625 0.0078125 0.009765625
10 0.4482421875 0.1337890625 0.0087890625 0.009765625
10 0.486328125 0.1337890625 0.0087890625 0.009765625
10 0.55859375 0.1337890625 0.0087890625 0.009765625
10 0.58203125 0.1337890625 0.0087890625 0.009765625
10 0.6455078125 0.1337890625 0.0078125 0.009765625
10 0.716796875 0.1337890625 0.0087890625 0.009765625
10 0.7646484375 0.1337890625 0.0087890625 0.009765625
10 0.802734375 0.1337890625 0.0087890625 0.009765625
22 0.8984375 0.1328125 0.009765625 0.017578125
34 0.13671875 0.1337890625 0.0224609375 0.0419921875
9 0.2001953125 0.126953125 0.01953125 0.0234375
9 0.2470703125 0.126953125 0.0185546875 0.0234375
9 0.294921875 0.126953125 0.01953125 0.0234375
9 0.3583984375 0.126953125 0.01953125 0.0234375
9 0.40625 0.126953125 0.01953125 0.0234375
9 0.4296875 0.126953125 0.01953125 0.0234375
9 0.515625 0.126953125 0.01953125 0.0234375
9 0.5400390625 0.126953125 0.01953125 0.0234375
9 0.611328125 0.126953125 0.01953125 0.0234375
9 0.6748046875 0.126953125 0.0185546875 0.0234375
9 0.6982421875 0.126953125 0.01953125 0.0234375
9 0.74609375 0.126953125 0.01953125 0.0234375
9 0.83203125 0.126953125 0.01953125 0.0234375
9 0.8525390625 0.126953125 0.0126953125 0.0234375
9 0.8759765625 0.126953125 0.01171875 0.0234375
20 0.1962890625 0.1357421875 0.01171875 0.005859375
20 0.244140625 0.1357421875 0.01171875 0.005859375
20 0.291015625 0.1357421875 0.01171875 0.005859375
20 0.3544921875 0.1357421875 0.0107421875 0.005859375
20 0.40234375 0.1357421875 0.0107421875 0.005859375
20 0.42578125 0.1357421875 0.0107421875 0.005859375
20 0.51171875 0.1357421875 0.01171875 0.005859375
20 0.5361328125 0.1357421875 0.01171875 0.005859375
20 0.607421875 0.1357421875 0.01171875 0.005859375
20 0.6708984375 0.1357421875 0.0107421875 0.005859375
20 0.6943359375 0.1357421875 0.0107421875 0.005859375
20 0.7421875 0.1357421875 0.0107421875 0.005859375
20 0.828125 0.1357421875 0.01171875 0.005859375
20 0.8515625 0.1357421875 0.01171875 0.005859375
20 0.8759765625 0.1357421875 0.01171875 0.005859375
31 0.525390625 0.1328125 0.80859375 0.0244140625