10 0.47077049772048607 0.0012517047111484277 0.01399009142282992 0.0025034094222968553
10 0.5092192946193141 0.01774985622975054 0.01399009142282992 0.014948199355226566
10 0.5611353988177517 0.047983140859590934 0.01199150693385409 0.012812742304479902
10 0.5995614659720918 0.0716802498446579 0.01199150693385409 0.01281274230447993
10 0.658222588692578 0.10518162229688502 0.01399009142282992 0.014948199355226566
10 0.6889725343138453 0.12374868448493859 0.01399009142282992 0.014948199355226566
10 0.7475881975453558 0.1592031819371657 0.01399009142282992 0.014948199355226566
10 0.7668239608670137 0.1700751739296992 0.01399009142282992 0.014948199355226566
10 0.8187400650654512 0.2003084585595396 0.01199150693385409 0.01281274230447993
10 0.8773784580414494 0.2347863935117667 0.01399009142282992 0.014948199355226566
10 0.9158045251957896 0.2584835024968337 0.01399009142282992 0.01494819935522651
10 0.9475537630615448 0.2759828361595139 0.01399009142282992 0.01494819935522651
9 0.4978869502756076 0.00912910695741517 0.029978767334635448 0.01825821391483034
9 0.5372895799299479 0.025848228993924086 0.030024226823611055 0.033984980761199775
9 0.5882291216283853 0.056172679649137816 0.030024226823611055 0.03398498076119977
9 0.6276317512827256 0.07977862260883145 0.030024226823611055 0.03398498076119977
9 0.6468675146043836 0.09065061460136492 0.030024226823611055 0.03398498076119977
9 0.7170428196244789 0.13184705724911214 0.030024226823611055 0.03398498076119977
9 0.7372324157016492 0.1436044457162723 0.030024226823611055 0.03398498076119982
9 0.7948942461776474 0.17817354669387273 0.030024226823611055 0.03398498076119977
9 0.8468103503760849 0.20840683132371313 0.029978767334635448 0.03203185576119982
9 0.866023383953255 0.22025538581624662 0.030024226823611055 0.03398498076119977
9 0.905448743352083 0.24288476627594024 0.030024226823611055 0.03398498076119982
9 0.9746474858721785 0.2841723749490608 0.030024226823611055 0.03398498076119982
9 0.9851396461828121 0.2939117361699542 0.01235518284565984 0.02843774230447993
20 0.48993807180868054 0.008830989237217056 0.01394463193385409 0.012995074355226566
20 0.5283868687075086 0.031551535722284016 0.01394463193385409 0.012995074355226566
20 0.5803029729059461 0.06178482035212442 0.01199150693385409 0.012812742304479902
20 0.6197056025602863 0.08539076331181805 0.01199150693385409 0.01281274230447993
20 0.6389413658819443 0.09626275530435154 0.01199150693385409 0.012812742304479902
20 0.7091166709020398 0.13745919795209874 0.01394463193385409 0.012995074355226566
20 0.7283297044792099 0.1493077524446322 0.01394463193385409 0.012995074355226566
20 0.7869680974552081 0.18378568739685933 0.01394463193385409 0.012995074355226566
20 0.8388614719091578 0.21499553452669973 0.01199150693385409 0.01281274230447993
20 0.8580972352308157 0.22586752651923322 0.01199150693385409 0.012812742304479874
20 0.8965460321296439 0.2485880730043002 0.01199150693385409 0.01281274230447993
20 0.9666986074052515 0.29076107815204744 0.01394463193385409 0.01299507435522651
20 0.9849578082269095 0.3017242361699542 0.01199150693385409 0.01281274230447993
31 0.6872004307567706 0.2046965430014548 0.6255991384864588 0.4093930860029096