34 0.2197265625 0.022197661783298753 0.033203125 0.044395323566597505
31 0.6005859375 0.12143866233105549 0.798828125 0.24287732466211098
9 0.25 0.03668667227427385 0.017578125 0.031455197359621365
9 0.279296875 0.043831655841571567 0.017578125 0.025595822359621365
9 0.3125 0.03975482471784231 0.021484375 0.04170044955064833
9 0.3427734375 0.037990838987383285 0.029296875 0.0563315789327023
9 0.3720703125 0.053924885054681 0.017578125 0.03145519735962138
9 0.40234375 0.06094996182422197 0.017578125 0.025595822359621365
9 0.4345703125 0.056993037498249466 0.021484375 0.04170044955064833
9 0.46484375 0.053275926767790444 0.029296875 0.06023782893270227
9 0.5185546875 0.04863417789116958 0.02734375 0.03851364033718879
9 0.546875 0.05687563075622405 0.025390625 0.044133201741675315
9 0.578125 0.05303861322800828 0.01953125 0.025835635955134856
9 0.6064453125 0.06323319109306273 0.01953125 0.035601260955134856
9 0.630859375 0.08953239614914417 0.01953125 0.035601260955134856
9 0.658203125 0.09887031831195536 0.017578125 0.02559582235962138
9 0.69140625 0.09381692468822611 0.0234375 0.04389338814616184
9 0.71875 0.10217828435103732 0.025390625 0.036320701741675315
9 0.7666015625 0.10899816376095692 0.01953125 0.035601260955134884
9 0.794921875 0.11821617912601137 0.017578125 0.02559582235962138
9 0.828125 0.11413934800228213 0.021484375 0.04170044955064836
9 0.8564453125 0.1214042383673366 0.0234375 0.03803401314616184
9 0.888671875 0.12721293904136408 0.01953125 0.035601260955134884
9 0.916015625 0.13655086120417528 0.017578125 0.02559582235962138
9 0.94921875 0.131497467580446 0.0234375 0.04389338814616184
9 0.9775390625 0.1368092329455005 0.025390625 0.04218007674167529
20 0.2529296875 0.025584764381003624 0.01171875 0.009251381573080912
20 0.2822265625 0.035659435448301344 0.01171875 0.009251381573080919
20 0.3173828125 0.022553728229058597 0.01171875 0.009251381573080912
20 0.3505859375 0.015547209605329345 0.013671875 0.009491195168594403
20 0.375 0.04379953966141077 0.01171875 0.009251381573080919
20 0.404296875 0.05387421072870849 0.01171875 0.009251381573080919
20 0.4384765625 0.0408884103072225 0.01171875 0.009251381573080919
20 0.4736328125 0.030712390587979758 0.01171875 0.011204506573080912
20 0.51171875 0.06021571297546678 0.013671875 0.011444320168594396
20 0.5400390625 0.07333997834052125 0.01171875 0.009251381573080919
20 0.57421875 0.060354177919035246 0.01171875 0.009251381573080919
20 0.6025390625 0.0764081307840897 0.01171875 0.009251381573080919
20 0.6337890625 0.07745392575587394 0.01171875 0.011204506573080919
20 0.6611328125 0.09069809791868513 0.01171875 0.009251381573080919
20 0.697265625 0.07844904640168565 0.01171875 0.009251381573080919
20 0.7255859375 0.09157331176674012 0.013671875 0.011444320168594396
20 0.76953125 0.09789625586768669 0.01171875 0.011204506573080919
20 0.7978515625 0.11102052123274116 0.01171875 0.009251381573080919
20 0.8330078125 0.09791481401349841 0.01171875 0.009251381573080919
20 0.861328125 0.10810939187855287 0.01171875 0.009251381573080919
20 0.8916015625 0.11513446864809385 0.013671875 0.011444320168594396
20 0.919921875 0.1282587340131483 0.01171875 0.009251381573080919
20 0.955078125 0.11515302679390557 0.01171875 0.009251381573080919
20 0.984375 0.1222980103612033 0.01171875 0.011204506573080919