34 0.004888683772329806 0.4264696406538391 0.009777367544659611 0.048251781307678154
26 0.009079084438721562 0.3984622329964932 0.018158168877443124 0.031049142118863116
26 0.020026048677525596 0.3877447784929864 0.024176291732618566 0.026892568244739845
26 0.06691901350989675 0.35650639651393523 0.030206157132453615 0.033127429055924806
26 0.1457439399416081 0.30383310552787046 0.028196201999175274 0.031049142118863116
26 0.1627148983079174 0.2922016694928945 0.02618624686589688 0.028970855181801425
26 0.1796858566742267 0.28057023345791854 0.024176291732618593 0.026892568244739845
26 0.2385817221729896 0.24031719810123725 0.030206157132453615 0.033127429055924806
26 0.27450517897224735 0.21620292546834696 0.03020615713245367 0.033127429055924806
26 0.3523535429039587 0.16346705351375138 0.02618624686589688 0.02897085518180148
26 0.3692960862036288 0.15281217997877544 0.024176291732618593 0.026892568244739845
26 0.3872720221365773 0.14026676241233027 0.024176291732618482 0.026892568244739845
26 0.4202089613025567 0.11791787187384753 0.03020615713245367 0.03312742905592475
26 0.4561324181018144 0.09380359924095726 0.03020615713245367 0.03312742905592478
26 0.4930608524677113 0.0687753450765978 0.03020615713245356 0.03312742905592475
26 0.5691370320335258 0.04332064215347139 0.025788435932948328 0.015298980181801466
26 0.5857670096001649 0.04340795611849542 0.023778480799670154 0.013220693244739817
26 0.6033451346001649 0.04453441355205028 0.023778480799670154 0.013220693244739817
20 0.006870223838968981 0.40743903840208573 0.013740447677937962 0.012594883559431613
20 0.025686518211051366 0.39495620180417135 0.012059730799670106 0.012469721622369923
20 0.06861640291014418 0.3654206209509969 0.014012855799670099 0.012594883559431613
20 0.1484463069084947 0.3118333484334629 0.014012855799670154 0.012594883559431613
20 0.16739880534144316 0.2993505118355486 0.014012855799670099 0.012594883559431613
20 0.18436976370775246 0.28771907580057265 0.014012855799670099 0.012594883559431613
20 0.24025069650659783 0.2502079850382989 0.012059730799670099 0.012469721622369923
20 0.2761741533058556 0.22609371240540863 0.014012855799670154 0.012594883559431558
20 0.35600405730420615 0.17250643988787467 0.014012855799670154 0.012594883559431558
20 0.3739799932371546 0.15996102232142956 0.014012855799670154 0.012594883559431558
20 0.3919275141034638 0.14839216725498441 0.012059730799670154 0.012469721622369923
20 0.42187793563616494 0.1278086588109092 0.012059730799670154 0.012469721622369923
20 0.4578013924354226 0.1036943861780189 0.012059730799670154 0.012469721622369923
20 0.4937248492346804 0.07958011354512863 0.014012855799670154 0.012594883559431558
20 0.5731569423000824 0.039664716027594686 0.013842365399835188 0.006735508559431558
20 0.5907350673000824 0.04079117346114955 0.013842365399835188 0.006735508559431558
20 0.6092897548000824 0.04198021186323524 0.011889240399835188 0.006610346622369909
10 0.04073276664399983 0.38222304133213375 0.012059730799670099 0.012469721622369923
10 0.10261514977604108 0.340204623881045 0.01406968593294844 0.014548008559431613
10 0.2123670602404535 0.26701040541943577 0.01406968593294844 0.014548008559431613
10 0.3101729001717525 0.2008777153354567 0.012059730799670154 0.012469721622369923
10 0.5277235961005773 0.05436411647517671 0.014069685932948328 0.014548008559431558
27 0.08751207120981427 0.35489090935308254 0.018146426332783516 0.020657707433554773
27 0.13141851840890706 0.32541790946843885 0.020099551332783516 0.020782869370616464
27 0.25816980230626796 0.23961569247185377 0.020099551332783516 0.020782869370616464
27 0.29412167417216484 0.21452485733896348 0.020099551332783516 0.02078286937061652
27 0.33802812137125765 0.18505185745431985 0.018146426332783516 0.020657707433554884
27 0.4398254565024742 0.11623980374446405 0.020099551332783516 0.02078286937061652
27 0.4767254758017319 0.0921881120801046 0.020099551332783516 0.02078286937061652
27 0.5126489326009896 0.06807383944721432 0.018146426332783516 0.020657707433554884
27 0.5554935721001649 0.04146794609403982 0.017919105799670154 0.012845207433554856
31 0.314453125 0.24183075936692588 0.62890625 0.48366151873385177