34 0.3076171875 0.05743966755743954 0.037109375 0.04730621386407208
26 0.3466796875 0.06981791899330488 0.025390625 0.030311488433312467
26 0.3642578125 0.07968500713944426 0.01953125 0.027673500717932675
26 0.4169921875 0.10830970907786248 0.02734375 0.03249290100510574
26 0.505859375 0.15580616859445612 0.025390625 0.03031148843331244
26 0.525390625 0.1668781068123888 0.021484375 0.029854913289725893
26 0.5439453125 0.17685933874442483 0.01953125 0.02767350071793262
26 0.6103515625 0.2129414286853959 0.02734375 0.03249290100510571
26 0.6513671875 0.23531359269305452 0.02734375 0.03249290100510571
26 0.7392578125 0.2826959084237515 0.0234375 0.030083200861519277
26 0.7578125 0.2926771403557875 0.01953125 0.02767350071793273
26 0.7783203125 0.3038632223596168 0.01953125 0.02767350071793273
26 0.8154296875 0.3238256862236889 0.02734375 0.03249290100510582
26 0.8564453125 0.3461978502313475 0.02734375 0.03249290100510571
26 0.8974609375 0.36857001423900615 0.02734375 0.03249290100510582
26 0.984375 0.4158381861838065 0.0234375 0.030083200861519277
26 0.9970703125 0.42415799290046274 0.005859375 0.02607548771537982
20 0.33984375 0.07585484999202843 0.013671875 0.011363638002552856
20 0.361328125 0.08715507578175437 0.01171875 0.01113535043075961
20 0.41015625 0.11434664007658604 0.013671875 0.011363638002552856
20 0.5 0.16293380587907633 0.013671875 0.011363638002552856
20 0.5205078125 0.1741198878829056 0.013671875 0.011363638002552912
20 0.541015625 0.18432940738673492 0.013671875 0.011363638002552912
20 0.603515625 0.21897835968411947 0.01171875 0.011135350430759583
20 0.64453125 0.24037396119177806 0.013671875 0.011363638002552912
20 0.734375 0.28993768949426835 0.013671875 0.0113636380025528
20 0.7548828125 0.30014720899809766 0.013671875 0.0113636380025528
20 0.7744140625 0.3112191472160303 0.01171875 0.011135350430759638
20 0.80859375 0.3298626172224125 0.01171875 0.011135350430759638
20 0.8486328125 0.35212063744417443 0.01171875 0.011135350430759638
20 0.8896484375 0.37351623895183306 0.013671875 0.0113636380025528
20 0.9794921875 0.42210340475432334 0.013671875 0.011363638002552912
20 0.99609375 0.4318563491145661 0.0078125 0.010678775287173092
10 0.380859375 0.09627388899968704 0.01171875 0.01308847543075961
10 0.451171875 0.13378911658424464 0.01171875 0.013088475430759638
10 0.57421875 0.20090560860722045 0.01171875 0.013088475430759638
10 0.6845703125 0.26067885641354005 0.01171875 0.013088475430759638
10 0.9296875 0.392844571673595 0.01171875 0.013088475430759638
27 0.4296875 0.12541857829451872 0.015625 0.02135755057434613
27 0.4794921875 0.15272428637524701 0.015625 0.02135755057434613
27 0.623046875 0.23005029790205214 0.015625 0.02135755057434613
27 0.6630859375 0.2523083181238141 0.015625 0.021357550574346074
27 0.712890625 0.27863746370454245 0.015625 0.021357550574346185
27 0.828125 0.3409345554403451 0.015625 0.021357550574346185
27 0.869140625 0.36330671944800375 0.015625 0.021357550574346185
27 0.91015625 0.38567888345566237 0.015625 0.021357550574346185
27 0.958984375 0.4128704477504941 0.015625 0.021357550574346185
31 0.64453125 0.24623333619177806 0.7109375 0.4209873011327492