34 0.111328125 0.1337890625 0.0224609375 0.0419921875
31 0.5126953125 0.1328125 0.833984375 0.0244140625
9 0.146484375 0.146484375 0.01171875 0.0263671875
9 0.177734375 0.1494140625 0.01171875 0.0205078125
9 0.2099609375 0.140625 0.01171875 0.0380859375
9 0.2392578125 0.134765625 0.0166015625 0.05078125
9 0.2724609375 0.146484375 0.01171875 0.0263671875
9 0.3046875 0.1494140625 0.01171875 0.021484375
9 0.3359375 0.140625 0.01171875 0.0380859375
9 0.365234375 0.1328125 0.015625 0.0537109375
9 0.41796875 0.12109375 0.0205078125 0.0302734375
9 0.4482421875 0.125 0.0166015625 0.0380859375
9 0.478515625 0.1162109375 0.0146484375 0.0205078125
9 0.5087890625 0.1220703125 0.01171875 0.0322265625
9 0.5400390625 0.14453125 0.01171875 0.0302734375
9 0.5703125 0.1494140625 0.0126953125 0.0205078125
9 0.6015625 0.140625 0.0146484375 0.0380859375
9 0.630859375 0.14453125 0.0185546875 0.0302734375
9 0.6806640625 0.14453125 0.01171875 0.0302734375
9 0.7109375 0.1494140625 0.0126953125 0.0205078125
9 0.7431640625 0.140625 0.01171875 0.0380859375
9 0.7734375 0.1435546875 0.0146484375 0.0322265625
9 0.806640625 0.14453125 0.01171875 0.0302734375
9 0.8369140625 0.1494140625 0.013671875 0.0205078125
9 0.869140625 0.140625 0.013671875 0.0380859375
9 0.8984375 0.1416015625 0.0166015625 0.0361328125
20 0.146484375 0.1357421875 0.0107421875 0.0048828125
20 0.1787109375 0.1416015625 0.0107421875 0.0048828125
20 0.2099609375 0.1240234375 0.0107421875 0.0048828125
20 0.2412109375 0.1123046875 0.01171875 0.005859375
20 0.2734375 0.1357421875 0.01171875 0.0048828125
20 0.3046875 0.1416015625 0.0107421875 0.0048828125
20 0.3359375 0.1240234375 0.0107421875 0.0048828125
20 0.3681640625 0.109375 0.0107421875 0.0068359375
20 0.4140625 0.1328125 0.01171875 0.0068359375
20 0.4453125 0.1416015625 0.01171875 0.0048828125
20 0.4765625 0.1240234375 0.0107421875 0.0048828125
20 0.5087890625 0.1357421875 0.0107421875 0.0048828125
20 0.5400390625 0.1328125 0.0107421875 0.0068359375
20 0.5712890625 0.1416015625 0.0107421875 0.0048828125
20 0.603515625 0.1240234375 0.01171875 0.0048828125
20 0.634765625 0.1328125 0.01171875 0.0068359375
20 0.6806640625 0.1328125 0.0107421875 0.0068359375
20 0.7119140625 0.1416015625 0.0107421875 0.0048828125
20 0.744140625 0.1240234375 0.0107421875 0.0048828125
20 0.775390625 0.1298828125 0.0107421875 0.0048828125
20 0.806640625 0.1328125 0.01171875 0.0068359375
20 0.8388671875 0.1416015625 0.0107421875 0.0048828125
20 0.8701171875 0.1240234375 0.0107421875 0.0048828125
20 0.9013671875 0.126953125 0.0107421875 0.0068359375