34 0.16571515795654657 0.13550123731653105 0.02564060987468947 0.045936488433312495
1 0.16313772187088177 0.19570568095884117 0.025526980386194276 0.02640523843331244
11 0.1875858732174303 0.20441865060625697 0.00790340359079622 0.016538150287173092
11 0.19730036494760747 0.19677102596522333 0.007903403590796165 0.016538150287173092
11 0.20518672411512937 0.21037948875239637 0.007903403590796165 0.016538150287173092
11 0.1901121760332723 0.13542514446394688 0.00790340359079622 0.016538150287173092
11 0.19982666776344943 0.12777751982291322 0.007903403590796165 0.016538150287173092
11 0.20868958943097132 0.14150012639598292 0.007903403590796165 0.016538150287173092
14 0.232087319109998 0.13740363975750214 0.011809653590796165 0.01699472543075964
9 0.2555532264821218 0.14502590311902133 0.011911920130441844 0.03457285043075958
20 0.2291860389821218 0.14194402089981223 0.007835225897699027 0.004819400287173092
20 0.25645024834017516 0.13146817190491794 0.011764201795398055 0.009182225430759638
19 0.24668462334017516 0.13032673404595163 0.005950278590796165 0.01630986271537982
21 0.2520844500128284 0.2197646404754348 0.011843742437344762 0.02285410043075964
20 0.25302124219185507 0.21304284676133142 0.011764201795398055 0.009182225430759583
9 0.25487778212663414 0.1966695718331247 0.01781674692584001 0.0430702131461394
24 0.2666590283453065 0.2087814847638843 0.009867891539645735 0.018719562858966365
19 0.274437439498758 0.20383526005105734 0.00595027859079611 0.01630986271537982
20 0.28612778212663414 0.20032217298181698 0.011764201795398055 0.009182225430759638
20 0.2851853084731827 0.20606740419592035 0.011752838846548652 0.0072291004307596385
20 0.2852193973197313 0.21192677919592035 0.011764201795398055 0.009182225430759638
32 0.2877911519309713 0.15074577305361023 0.013865045130441844 0.034801138002552856
20 0.28868817378902467 0.13718804183950686 0.011764201795398055 0.009182225430759583
18 0.32797225129159036 0.1798397307753722 0.009822439744247569 0.010907062858966365
32 0.30245095237982084 0.15441105484205975 0.01190055718159233 0.03261972543075964
20 0.3033593371867237 0.14280644862795638 0.011764201795398055 0.009182225430759638
24 0.3160773755844227 0.1481965678446126 0.009867891539645735 0.018719562858966365
32 0.3268820593030951 0.16019433698947555 0.011877831283893414 0.02871347543075964
20 0.3277961255844227 0.1495662932753722 0.011764201795398055 0.009182225430759638
20 0.342416155712299 0.1463956375638217 0.011764201795398055 0.009182225430759583
20 0.357087319109998 0.1520140443522712 0.011764201795398055 0.009182225430759583
20 0.37175848250769705 0.15763245114072072 0.011764201795398055 0.009182225430759638
20 0.3853962686611485 0.15337108914327358 0.011764201795398055 0.009182225430759638
20 0.40196942378902467 0.15042872100351634 0.011764201795398055 0.009182225430759583
32 0.3415191338542456 0.15995336877792507 0.013865045130441844 0.034801138002552856
32 0.3561789343030951 0.1636186505663746 0.011900557181592442 0.03261972543075964
32 0.3698621722519447 0.16716978856892745 0.013830956283893303 0.02894176300255291
28 0.3844992468030951 0.16692882035737694 0.013865045130441844 0.034801138002552856
28 0.4010894463542456 0.1669161397176197 0.013899133976990496 0.040660513002552856
11 0.4156469802634495 0.1530032965060692 0.00790340359079611 0.016538150287173092
20 0.4273884561611485 0.1582792719368288 0.011764201795398055 0.009182225430759583
20 0.4440070630844227 0.16314940379707157 0.011764201795398055 0.009182225430759583
20 0.460580218212299 0.16020703565731437 0.011764201795398055 0.009182225430759638
20 0.477204506609998 0.16605373001755713 0.011764201795398055 0.009182225430759638
20 0.49382879500769705 0.1719004243777999 0.011764201795398055 0.009182225430759638
20 0.5103849057122989 0.16602836873804266 0.011764201795398055 0.009182225430759638
20 0.5269921496867237 0.16894537559828543 0.011764201795398055 0.009182225430759638
20 0.5436164380844227 0.1747920699585282 0.011764201795398055 0.009182225430759638
20 0.5602407264821219 0.18063876431877096 0.011764201795398055 0.009182225430759638
20 0.5758827709053961 0.1853947523931171 0.011764201795398055 0.009182225430759638
20 0.5924729704565466 0.18538207175335986 0.011764201795398055 0.009182225430759638
20 0.6061846157775199 0.19381602225591274 0.011764201795398055 0.009182225430759583
20 0.620855779175219 0.19943442904436223 0.011764201795398055 0.009182225430759583
20 0.6345162912263694 0.19907931704691512 0.011764201795398055 0.009182225430759638
20 0.6492158619961923 0.2095805363353646 0.011764201795398055 0.009182225430759638
20 0.673658331868316 0.21731694348278044 0.011764201795398055 0.009182225430759583
20 0.6873131624450418 0.2159852689853333 0.011764201795398055 0.009182225430759583
20 0.7107961142404399 0.22653721984685252 0.011764201795398055 0.009182225430759583
20 0.732303215138139 0.23295463313657844 0.011752838846548652 0.0072291004307596385
20 0.7577336104591123 0.2427583090698909 0.011752838846548652 0.007229100430759583
20 0.7713941225102627 0.2424031970724438 0.011764201795398055 0.009182225430759638
20 0.7860141526381389 0.23923254136089328 0.011764201795398055 0.009182225430759638
20 0.8007023604591123 0.24778063564934277 0.011764201795398055 0.009182225430759638
20 0.8134544877033598 0.25903012986599905 0.011764201795398055 0.009182225430759638
20 0.8358813363568114 0.25579606194162163 0.011752838846548652 0.0072291004307596385
20 0.8495986631522094 0.26520657494417443 0.011764201795398055 0.009182225430759638
20 0.8652066187289351 0.2641031880185206 0.011764201795398055 0.009182225430759638
20 0.8866966752033598 0.2675909138082465 0.011764201795398055 0.009182225430759638
20 0.9013337497545104 0.267349945596696 0.011752838846548652 0.0072291004307596385
20 0.9257534937289351 0.27118010274411186 0.011752838846548652 0.0072291004307596385
20 0.9403905682800856 0.27093913453256135 0.011764201795398055 0.009182225430759638
28 0.4264914343030951 0.17183700315093217 0.013887771028140872 0.038707388002552856
28 0.44311004122636943 0.17670713501117494 0.013865045130441844 0.034801138002552856
28 0.4597002407775199 0.17669445437141773 0.013899133976990496 0.04066051300255291
28 0.47631316622636943 0.1805880237316605 0.011934646028140872 0.03847910043075964
28 0.4929317731496437 0.18545815559190326 0.011911920130441844 0.03457285043075964
28 0.5075574847519446 0.18326406238035275 0.015874984874689524 0.04479505057434613
32 0.5261064907775199 0.1844562318123888 0.011934646028140872 0.03847910043075964
32 0.542730779175219 0.19030292617263156 0.011934646028140872 0.03847910043075964
32 0.5593493860984933 0.19517305803287432 0.013887771028140872 0.03870738800255291
32 0.5759736744961923 0.2010197523931171 0.013887771028140872 0.03870738800255291
32 0.5915986744961923 0.20284605296746322 0.013921859874689524 0.04456676300255291
32 0.6052932753938913 0.2083503159700161 0.013887771028140872 0.038707388002552856
32 0.6199530758427408 0.2120155977584656 0.011911920130441844 0.03457285043075958
32 0.6346015133427408 0.21372775454691512 0.011934646028140872 0.03847910043075964
32 0.6483017957148647 0.22020858004946797 0.011889194232742817 0.03066660043075964
32 0.6727442655869884 0.2279449871968838 0.013830956283893414 0.028941763002552856
32 0.6864104591125637 0.22856643769943666 0.013865045130441844 0.034801138002552856
32 0.7098820479591123 0.23716526356095588 0.013830956283893414 0.028941763002552856
32 0.7351647249450418 0.22157831449426835 0.015795444232742817 0.03112317557434613
32 0.7586249508427408 0.22822401535578754 0.011923283079291469 0.03652597543075958
32 0.7722968258427408 0.22982202835834042 0.011911920130441844 0.03457285043075964
32 0.7869339003938913 0.22958106014678992 0.013830956283893414 0.028941763002552856
32 0.8016050637915904 0.2351994669352394 0.011911920130441844 0.03457285043075964
32 0.8143287836637142 0.24156614865189566 0.013921859874689524 0.044566763002552856
32 0.8377719651381389 0.24528216201341485 0.015795444232742817 0.031123175574346185
32 0.8504843220614132 0.2496957187300711 0.013887771028140872 0.038707388002552856
32 0.8651327595614132 0.2514078755185206 0.011911920130441844 0.03457285043075964
32 0.886622816035838 0.2548956013082465 0.011911920130442066 0.03457285043075964
32 0.9012655720614132 0.255631195596696 0.011889194232742817 0.03066660043075964
32 0.925685316035838 0.25946135274411186 0.01385368218159222 0.03284801300255291
32 0.9394878649476075 0.2835203032466648 0.013865045130441844 0.0348011380025528
24 0.6619339003938913 0.21497065555202083 0.009867891539645735 0.018719562858966365
24 0.7460148604591123 0.2413885836391313 0.009867891539645735 0.018719562858966365
24 0.9140347437289351 0.2698103773133523 0.009867891539645735 0.018719562858966365
11 0.7000312008427408 0.22137538820198954 0.00790340359079611 0.016538150287173092
11 0.5109246457826513 0.25880180623804266 0.00790340359079611 0.016538150287173092
11 0.9221313174501731 0.3195516526005253 0.00790340359079611 0.016538150287173092
19 0.8235212308478722 0.31192938022496536 0.0059616415396457345 0.01826298771537982
19 0.927922514757076 0.30851776531590513 0.00595027859079611 0.01630986271537982
4 0.5425092016726533 0.15221698867263156 0.04109516564194671 0.018465914007658624
9 0.3828472399476075 0.21845834528558367 0.015852258976990496 0.040888800574346185
9 0.2861221006522094 0.19934561048181695 0.013865045130441844 0.034801138002552856
9 0.3927833091803503 0.24889665814455 0.01186646833504379 0.026760350430759583
9 0.5235631435384036 0.2505200504546989 0.011934646028140872 0.03847910043075964
9 0.6183010689872532 0.2635451226866723 0.01190055718159222 0.03261972543075964
9 0.730634163859377 0.2815544705647852 0.01190055718159222 0.03261972543075964
9 0.7288401201432703 0.30866993299299195 0.01186646833504379 0.02676035043075964
9 0.8332982187967217 0.31502394308393167 0.011911920130441844 0.03457285043075964
9 0.9368252067455712 0.3290763093889748 0.013921859874689524 0.0445667630025528
19 0.7225319086637142 0.23083663277761213 0.0059616415396457345 0.01826298771537982
19 0.8261157113568113 0.25465462408265527 0.0059616415396457345 0.018262987715379708
19 0.8769310502033598 0.2664494759492802 0.0059616415396455125 0.01826298771537982
20 0.3818934033453065 0.22225045149968703 0.011764201795398055 0.009182225430759638
20 0.38192749219185507 0.22810982649968703 0.011764201795398055 0.009182225430759638
20 0.3809907000128284 0.2348316202137904 0.011752838846548541 0.0072291004307596385
20 0.3927264944361027 0.23913103314455 0.011752838846548541 0.007229100430759583
20 0.522671803154775 0.26505434416880225 0.011764201795398055 0.009182225430759638
20 0.6183124319361026 0.2654982476866723 0.011752838846548652 0.0072291004307596385
20 0.6173870027059256 0.2741731664007757 0.011764201795398055 0.009182225430759638
20 0.7296746457826513 0.2843700142788885 0.011752838846548652 0.0072291004307596385
20 0.729725779052474 0.2931590767788885 0.011764201795398055 0.009182225430759638
20 0.7297655493734474 0.2999950142788885 0.011764201795398055 0.009182225430759638
20 0.833218678154775 0.30135206808393167 0.011752838846548652 0.0072291004307596385
20 0.8332527670013237 0.30721144308393167 0.011752838846548652 0.0072291004307596385
20 0.8332868558478722 0.31307081808393167 0.011752838846548652 0.0072291004307596385
20 0.9376938212315008 0.3106357656748715 0.011764201795398055 0.009182225430759638
20 0.9367683920013237 0.3193106843889748 0.011752838846548652 0.0072291004307596385
20 0.9368024808478722 0.3251700593889748 0.011752838846548652 0.0072291004307596385
18 0.5594914229591123 0.21958712053287432 0.00982243974424768 0.010907062858966365
18 0.6591746571266341 0.24392509919433092 0.00982243974424768 0.010907062858966365
18 0.7799786519309713 0.2082742411455135 0.011775564744247458 0.011135350430759583
18 0.8864921421240685 0.2324346638082465 0.00982243974424768 0.010907062858966365
6 0.8350411292430056 0.27911941815572494 0.027411927693097082 0.014914776005105823
33 0.2730234034680513 0.12852580376516073 0.03323721384654865 0.009740263720485531
33 0.5181633168657503 0.16108214402521573 0.017600850897699027 0.005960838146139402
29 0.31502695391690083 0.13538711155871597 0.11339487948849514 0.032771929164009506
29 0.24472013539132564 0.12814532147415836 0.01967896833504379 0.027673500717932675
21 0.5227058920013237 0.27091371916880225 0.011843742437344762 0.02285410043075964
31 0.5460808957826513 0.26291098253032147 0.8011675902608837 0.1600041544352394
31 0.549612168470617 0.19891443267390801 0.8011675902608837 0.1600041544352394