11 0.005460748053721438 0.4845587143614006 0.010921496107442877 0.01699201036759257
11 0.0066161948596070806 0.471777963713426 0.013232389719214161 0.01699201036759257
11 0.01893927781694615 0.473426078993808 0.017267253676026197 0.01699201036759257
14 0.0016248439854176554 0.40308878852494223 0.003249687970835311 0.0210691366635416
9 0.015783525855558207 0.3885992749174769 0.031567051711116415 0.033813144439236
20 0.007616347437358232 0.3786260307492478 0.012950440257019646 0.0127440077756944
19 0.003859494146054934 0.38614547343304406 0.007718988292109868 0.01699201036759257
21 0.05912787845949527 0.44088255437077567 0.0239477555140393 0.02531713925543977
20 0.054758270233253456 0.43642693261064835 0.012950440257019635 0.0127440077756944
9 0.04642961719977637 0.42360943909039367 0.04121500919006549 0.04230914962303234
24 0.06215725805452801 0.42126586622280116 0.019425660385529467 0.0191160116635416
19 0.06503415074729274 0.41230592742685207 0.01726725367602619 0.01699201036759257
20 0.07114865350431239 0.4001599866869794 0.015108846966522926 0.01486800907164354
20 0.07366777758530585 0.4038099222430558 0.012950440257019635 0.0127440077756944
20 0.07706082331154765 0.4083509821511576 0.015108846966522926 0.01486800907164354
32 0.04194852183962624 0.36497894621811355 0.03473978906155567 0.03593714573518514
20 0.03418586788714261 0.35598226454988435 0.015108846966522926 0.01486800907164354
18 0.08887336788714262 0.3511977282633104 0.015108846966522926 0.01486800907164354
32 0.05459103953239097 0.35516462594241915 0.030422975642549116 0.03168914314328697
20 0.04770230722515571 0.34705906862621544 0.012950440257019635 0.0127440077756944
24 0.06003690235366553 0.340174435850521 0.01942566038552948 0.0191160116635416
32 0.07566190235366553 0.33880742548292847 0.028264568933045853 0.02956514184733794
20 0.06964709169167863 0.3315929925187502 0.012950440257019635 0.0127440077756944
20 0.07792000115820155 0.3173230504829284 0.015108846966522926 0.01486800907164354
20 0.09241300299621465 0.308314416411285 0.012950440257019635 0.0127440077756944
20 0.1058268014794761 0.300367782987616 0.012950440257019635 0.0127440077756944
20 0.11409971094599902 0.28609784095179425 0.015108846966522926 0.01486800907164354
20 0.12453102712202523 0.26970389762002345 0.012950440257019663 0.0127440077756944
32 0.08665921761068518 0.3262342940031831 0.03473978906155567 0.03593714573518514
32 0.0993017353034499 0.3164199737274887 0.030422975642549116 0.03168914314328697
32 0.11076240878671137 0.3086442165997688 0.030422975642549144 0.03168914314328708
28 0.12186236489848265 0.29509452262002345 0.03473978906155567 0.03593714573518514
28 0.13393888351025396 0.28145939049230356 0.0371034774805622 0.04001427203113417
11 0.13522041981478994 0.2600604536402781 0.017267253676026217 0.01699201036759257
20 0.14657845244329978 0.2532612590125582 0.015108846966522926 0.01486800907164354
20 0.1621506576360645 0.24319062429294017 0.015108846966522926 0.014868009071643484
20 0.17247933295733908 0.22777324346116937 0.015108846966522926 0.014868009071643484
20 0.1880515381501038 0.21770260874155134 0.012950440257019635 0.0127440077756944
20 0.20264718084286854 0.20771741216990786 0.012950440257019635 0.0127440077756944
20 0.21133065372839802 0.18954122013408609 0.012950440257019635 0.0127440077756944
20 0.22515501563066603 0.17768833671041712 0.012950440257019635 0.0127440077756944
20 0.24072722082343076 0.16761770199079912 0.012950440257019635 0.0127440077756944
20 0.2562994260161955 0.1575470672711811 0.015108846966522926 0.014868009071643484
20 0.2707924278542086 0.14853843319953758 0.015108846966522926 0.01486800907164354
20 0.2829715873207315 0.1339267385718177 0.015108846966522926 0.01486800907164354
20 0.2981332290944897 0.12776235385219967 0.015108846966522926 0.014868009071643484
20 0.31154702757775116 0.11981572042853073 0.012950440257019635 0.0127440077756944
20 0.3215677803347708 0.1073280270967599 0.012950440257019635 0.0127440077756944
20 0.33847726539902573 0.1029458910811928 0.012950440257019635 0.012744007775694427
20 0.3604220498655486 0.08747981497372756 0.015108846966522815 0.014868009071643484
20 0.36936359926781664 0.07605412228993128 0.015108846966522926 0.014868009071643484
20 0.3930562270248363 0.06237029488651698 0.015108846966522926 0.014868009071643512
20 0.41294524563660756 0.04805165757500081 0.012950440257019635 0.012744007775694427
20 0.4366378733936272 0.0343678301715865 0.012950440257019635 0.012744007775694427
20 0.4466586261506469 0.021880136839815684 0.012950440257019746 0.012744007775694427
20 0.45493153561716976 0.007610194803993938 0.015108846966522926 0.014868009071643491
20 0.471069739890928 0.003866187912124293 0.012950440257019635 0.007732375824248586
20 0.4878765841004312 0.002163401154340744 0.012950440257019635 0.004326802308681488
28 0.15511238718628012 0.2641256275328129 0.036898195771058906 0.03806114703113417
28 0.16981067073379652 0.25316386846116934 0.034739789061555615 0.03593714573518514
28 0.1818871893455678 0.23952873633344948 0.0390566024805622 0.04018514832708325
28 0.1957115512478358 0.2276758529097805 0.034945070771058906 0.03789027073518514
28 0.21128375644060055 0.21760521819016249 0.032581382352052435 0.033813144439236054
28 0.22053322840712347 0.2032498380063662 0.04142029089956878 0.04426227462303234
32 0.23466551287364637 0.18846726708269723 0.03689819577105896 0.03806114703113417
32 0.2492611555664111 0.17848207051105375 0.036898195771058906 0.03806114703113417
32 0.2649360016139275 0.16743487329143575 0.036898195771058906 0.03806114703113417
32 0.27942900345194055 0.15842623921979226 0.03689819577105902 0.03806114703113417
32 0.2922768028542086 0.1466587939440978 0.04121500919006549 0.04230914962303234
32 0.30569060133747006 0.13871216052042884 0.03689819577105902 0.03806114703113417
32 0.3194123223849864 0.1278358395967599 0.032581382352052435 0.033813144439236054
32 0.33020435593250275 0.11721583311701456 0.03494507077105902 0.03789027073518514
32 0.3444920760610126 0.11016032404537106 0.030422975642549144 0.031689143143286996
32 0.36643686052753555 0.09469424793790582 0.030422975642549144 0.03168914314328697
32 0.3772288940750519 0.08407424145816048 0.032581382352052435 0.033813144439236054
32 0.3989683968320715 0.07056129035069524 0.030422975642549144 0.031689143143286996
32 0.40713571668412396 0.03888409961082256 0.032581382352052435 0.033813144439236054
32 0.42897786029589524 0.024394586003357317 0.034739789061555726 0.035937145735185125
32 0.4387933313434116 0.015383294945602265 0.032581382352052435 0.03076658989120453
32 0.4497906466004312 0.00856572888174232 0.030422975642549144 0.01713145776348464
32 0.4633070859384444 0.00463513124389511 0.032581382352052435 0.00927026248779022
32 0.4774921652122025 0.0036769401800351674 0.03926188419006549 0.007353880360070335
24 0.35081186052753555 0.09606125830549839 0.019425660385529397 0.019116011663541654
24 0.4270276840556141 0.04294927350335732 0.01963094209503269 0.021069136663541627
11 0.3818008352510781 0.06819292701423686 0.017267253676026217 0.01699201036759257
11 0.26880420060528665 0.2503085523677668 0.017267253676026106 0.01699201036759257
19 0.5265842642483789 0.02553095805792927 0.01726725367602633 0.016992010367592562
4 0.22576791199945695 0.1534451505063662 0.04080444577105896 0.03840289962303234
9 0.1519364182084172 0.3311666874409147 0.0390566024805622 0.0401851483270832
9 0.07027473185906402 0.39926886233495396 0.03473978906155567 0.03593714573518514
9 0.17784319624189426 0.34244629429762774 0.02610616222354256 0.0274411405513888
9 0.27239957928131286 0.2345126760718177 0.03494507077105902 0.03789027073518514
9 0.3485098131949209 0.1639934425656257 0.030422975642549144 0.03168914314328697
9 0.44127145565604536 0.08234157369184114 0.030422975642549144 0.03168914314328697
9 0.456694122706261 0.10131149952829951 0.02610616222354256 0.027441140551388854
9 0.5359891718768887 0.01890263972615845 0.032581382352052435 0.033813144439236054
19 0.4044142596533461 0.055571100258797086 0.017267253676026217 0.016992010367592555
20 0.15358162064416225 0.3339254986449657 0.015108846966522926 0.01486800907164354
20 0.15697466637040408 0.3384665585530675 0.015108846966522926 0.01486800907164354
20 0.16134427459664588 0.3429221803131948 0.012950440257019635 0.0127440077756944
20 0.17172574472515573 0.3362084238334495 0.012950440257019635 0.0127440077756944
20 0.28093351402429323 0.24537704459207238 0.012950440257019635 0.0127440077756944
20 0.3502576564854176 0.16577569126967662 0.012950440257019746 0.0127440077756944
20 0.3553985455021562 0.17209899988182942 0.012950440257019635 0.0127440077756944
20 0.4430192989465421 0.08412382239589208 0.012950440257019635 0.0127440077756944
20 0.4471836254632806 0.0905325691560194 0.012950440257019635 0.0127440077756944
20 0.4514505928347708 0.09596475341614673 0.012950440257019635 0.012744007775694427
20 0.528226517924405 0.009905958057929265 0.012950440257019746 0.012744007775694427
20 0.5317222045053984 0.013470455466031126 0.012950440257019746 0.01274400777569442
20 0.5341386877316403 0.01809695352210752 0.012950440257019746 0.01274400777569442
18 0.27958738787364634 0.18453711227586864 0.015108846966522815 0.014868009071643484
18 0.36700580836824787 0.11689887099398222 0.015108846966522926 0.014868009071643484
18 0.4322623676479476 0.00028929526958953317 0.015108846966522926 0.0005785905391790663
6 0.5143464124551829 0.004281426248582659 0.03001241222354256 0.008562852497165319
33 0.01794502275863279 0.363208649917477 0.02980713051403929 0.02582976814328697
33 0.2143101872759144 0.17960471883813703 0.017061971966522926 0.01503888536759257
29 0.05217160754643027 0.33215431668229184 0.1025771135086408 0.09218643720555542
29 0.006711463815061483 0.3863163497289931 0.013422927630122965 0.033813144439236
21 0.28442920060528665 0.2489415420001742 0.02394775551403927 0.02531713925543977
31 0.31640625 0.2612061211121528 0.6328125 0.5224122422243056
31 0.2958984375 0.2373046875 0.591796875 0.474609375