34 0.1455078125 0.1337890625 0.0224609375 0.0419921875
1 0.1455078125 0.1953125 0.0234375 0.021484375
11 0.169921875 0.19921875 0.0078125 0.0146484375
11 0.1796875 0.1904296875 0.0078125 0.0146484375
11 0.1884765625 0.2021484375 0.0078125 0.0146484375
11 0.169921875 0.1298828125 0.0078125 0.0146484375
11 0.1787109375 0.12109375 0.0078125 0.0146484375
11 0.1884765625 0.1328125 0.0078125 0.0146484375
14 0.2109375 0.125 0.01171875 0.0146484375
9 0.2353515625 0.12890625 0.0107421875 0.033203125
20 0.208984375 0.1298828125 0.0068359375 0.00390625
20 0.2353515625 0.115234375 0.0107421875 0.0068359375
19 0.2255859375 0.115234375 0.005859375 0.015625
21 0.2353515625 0.2041015625 0.0107421875 0.021484375
20 0.2353515625 0.197265625 0.0107421875 0.0068359375
9 0.2373046875 0.1806640625 0.0146484375 0.0400390625
24 0.2490234375 0.1904296875 0.0087890625 0.0166015625
19 0.2568359375 0.1845703125 0.005859375 0.015625
20 0.267578125 0.1787109375 0.01171875 0.0068359375
20 0.267578125 0.1845703125 0.01171875 0.005859375
20 0.267578125 0.1904296875 0.01171875 0.0068359375
32 0.267578125 0.12890625 0.01171875 0.033203125
20 0.267578125 0.115234375 0.01171875 0.0068359375
18 0.30859375 0.1513671875 0.009765625 0.0087890625
32 0.2822265625 0.1298828125 0.0107421875 0.0302734375
20 0.2822265625 0.1181640625 0.0107421875 0.0068359375
24 0.294921875 0.12109375 0.0087890625 0.0166015625
32 0.306640625 0.1318359375 0.0107421875 0.02734375
20 0.306640625 0.12109375 0.0107421875 0.0068359375
20 0.3212890625 0.115234375 0.01171875 0.0068359375
20 0.3359375 0.1181640625 0.0107421875 0.0068359375
20 0.3505859375 0.12109375 0.0107421875 0.0068359375
20 0.3642578125 0.115234375 0.01171875 0.0068359375
20 0.380859375 0.109375 0.0107421875 0.0068359375
32 0.3212890625 0.12890625 0.01171875 0.033203125
32 0.3359375 0.1298828125 0.0107421875 0.0302734375
32 0.349609375 0.1318359375 0.01171875 0.02734375
28 0.3642578125 0.12890625 0.01171875 0.033203125
28 0.380859375 0.1259765625 0.0107421875 0.0390625
11 0.39453125 0.109375 0.0078125 0.0146484375
20 0.40625 0.1123046875 0.01171875 0.0068359375
20 0.4228515625 0.115234375 0.01171875 0.0068359375
20 0.439453125 0.109375 0.01171875 0.0068359375
20 0.4560546875 0.1123046875 0.0107421875 0.0068359375
20 0.47265625 0.115234375 0.0107421875 0.0068359375
20 0.4892578125 0.1064453125 0.0107421875 0.0068359375
20 0.505859375 0.1064453125 0.0107421875 0.0068359375
20 0.5224609375 0.109375 0.0107421875 0.0068359375
20 0.5390625 0.1123046875 0.01171875 0.0068359375
20 0.5546875 0.115234375 0.01171875 0.0068359375
20 0.5712890625 0.1123046875 0.01171875 0.0068359375
20 0.5859375 0.1181640625 0.01171875 0.0068359375
20 0.6005859375 0.12109375 0.0107421875 0.0068359375
20 0.6142578125 0.1181640625 0.0107421875 0.0068359375
20 0.62890625 0.126953125 0.0107421875 0.0068359375
20 0.6533203125 0.1298828125 0.01171875 0.0068359375
20 0.6669921875 0.126953125 0.01171875 0.0068359375
20 0.69140625 0.1328125 0.01171875 0.0068359375
20 0.712890625 0.1357421875 0.0107421875 0.005859375
20 0.73828125 0.1416015625 0.0107421875 0.005859375
20 0.751953125 0.138671875 0.0107421875 0.0068359375
20 0.7666015625 0.1328125 0.01171875 0.0068359375
20 0.78125 0.138671875 0.0107421875 0.0068359375
20 0.794921875 0.1484375 0.0107421875 0.0068359375
20 0.81640625 0.1416015625 0.0107421875 0.005859375
20 0.8310546875 0.1484375 0.01171875 0.0068359375
20 0.845703125 0.14453125 0.0107421875 0.0068359375
20 0.8671875 0.14453125 0.0107421875 0.0068359375
20 0.8818359375 0.1416015625 0.0107421875 0.005859375
20 0.90625 0.1416015625 0.01171875 0.005859375
20 0.9208984375 0.138671875 0.01171875 0.0068359375
28 0.40625 0.126953125 0.01171875 0.0361328125
28 0.4228515625 0.12890625 0.01171875 0.033203125
28 0.439453125 0.1259765625 0.01171875 0.0390625
28 0.4560546875 0.126953125 0.0107421875 0.0361328125
28 0.47265625 0.12890625 0.0107421875 0.033203125
28 0.4873046875 0.1240234375 0.013671875 0.0419921875
32 0.505859375 0.1220703125 0.0107421875 0.037109375
32 0.5224609375 0.125 0.0107421875 0.037109375
32 0.5390625 0.126953125 0.01171875 0.0361328125
32 0.5556640625 0.1298828125 0.01171875 0.0361328125
32 0.5712890625 0.1298828125 0.01171875 0.0419921875
32 0.5849609375 0.1328125 0.0126953125 0.0361328125
32 0.6005859375 0.1337890625 0.0107421875 0.0322265625
32 0.6142578125 0.1328125 0.0107421875 0.0361328125
32 0.62890625 0.1376953125 0.0107421875 0.0283203125
32 0.6533203125 0.140625 0.01171875 0.02734375
32 0.6669921875 0.1396484375 0.01171875 0.0322265625
32 0.6904296875 0.1435546875 0.0126953125 0.02734375
32 0.71484375 0.1240234375 0.013671875 0.029296875
32 0.73828125 0.126953125 0.0107421875 0.03515625
32 0.751953125 0.1259765625 0.0107421875 0.033203125
32 0.7666015625 0.123046875 0.01171875 0.02734375
32 0.78125 0.1259765625 0.0107421875 0.033203125
32 0.794921875 0.130859375 0.0107421875 0.0419921875
32 0.818359375 0.1298828125 0.013671875 0.029296875
32 0.8310546875 0.1328125 0.01171875 0.0361328125
32 0.845703125 0.1318359375 0.0107421875 0.033203125
32 0.8671875 0.1318359375 0.0107421875 0.033203125
32 0.8818359375 0.1298828125 0.0107421875 0.029296875
32 0.90625 0.1298828125 0.01171875 0.0302734375
32 0.9208984375 0.1513671875 0.01171875 0.0322265625
24 0.6416015625 0.1298828125 0.0087890625 0.0166015625
24 0.7265625 0.1416015625 0.0087890625 0.017578125
24 0.89453125 0.1416015625 0.0087890625 0.0166015625
11 0.6796875 0.1298828125 0.0078125 0.0146484375
11 0.494140625 0.19921875 0.0078125 0.0146484375
11 0.9052734375 0.1904296875 0.0078125 0.0146484375
19 0.806640625 0.19921875 0.005859375 0.0166015625
19 0.91015625 0.1787109375 0.005859375 0.015625
4 0.5205078125 0.0869140625 0.0400390625 0.0107421875
9 0.365234375 0.1806640625 0.0126953125 0.0390625
9 0.267578125 0.177734375 0.01171875 0.033203125
9 0.3759765625 0.208984375 0.0107421875 0.0244140625
9 0.505859375 0.1884765625 0.0107421875 0.0361328125
9 0.6005859375 0.185546875 0.0107421875 0.0302734375
9 0.712890625 0.1845703125 0.0107421875 0.0302734375
9 0.712890625 0.2119140625 0.0107421875 0.0244140625
9 0.81640625 0.201171875 0.0107421875 0.033203125
9 0.919921875 0.197265625 0.01171875 0.04296875
19 0.703125 0.1357421875 0.005859375 0.0166015625
19 0.806640625 0.1416015625 0.005859375 0.0166015625
19 0.857421875 0.14453125 0.005859375 0.0166015625
20 0.3642578125 0.1845703125 0.01171875 0.0068359375
20 0.3642578125 0.1904296875 0.01171875 0.0068359375
20 0.3642578125 0.197265625 0.01171875 0.005859375
20 0.3759765625 0.19921875 0.0107421875 0.005859375
20 0.505859375 0.203125 0.0107421875 0.0068359375
20 0.6005859375 0.1875 0.0107421875 0.005859375
20 0.6005859375 0.1962890625 0.0107421875 0.0068359375
20 0.712890625 0.1875 0.0107421875 0.005859375
20 0.712890625 0.1962890625 0.0107421875 0.0068359375
20 0.712890625 0.203125 0.0107421875 0.0068359375
20 0.81640625 0.1875 0.0107421875 0.005859375
20 0.81640625 0.193359375 0.0107421875 0.005859375
20 0.81640625 0.19921875 0.0107421875 0.005859375
20 0.919921875 0.1787109375 0.01171875 0.0068359375
20 0.919921875 0.1875 0.01171875 0.005859375
20 0.919921875 0.193359375 0.01171875 0.005859375
18 0.5400390625 0.1513671875 0.009765625 0.0087890625
18 0.640625 0.1591796875 0.009765625 0.0087890625
18 0.7587890625 0.103515625 0.0107421875 0.0087890625
18 0.8662109375 0.109375 0.009765625 0.0087890625
6 0.81640625 0.1650390625 0.02734375 0.009765625
33 0.251953125 0.109375 0.0322265625 0.00390625
33 0.4970703125 0.1005859375 0.0166015625 0.00390625
29 0.2939453125 0.1083984375 0.11328125 0.013671875
29 0.2236328125 0.11328125 0.0185546875 0.0244140625
21 0.505859375 0.208984375 0.0107421875 0.0205078125
31 0.529296875 0.197265625 0.80078125 0.0244140625
31 0.529296875 0.1328125 0.80078125 0.0244140625