34 0.012086713096805288 0.3270075043250514 0.024173426193610577 0.048466674904859786
1 0.03483401741386937 0.39972907423942516 0.032785384158682845 0.030570214923887784
24 0.0610393614323327 0.36654418355496254 0.016648589439121897 0.020167919961944003
24 0.06016931040907908 0.38314574605496254 0.014593105495209702 0.01813521121670092
19 0.40053866180508835 0.21890081587364926 0.014593105495209757 0.01813521121670092
19 0.404704961697703 0.23277165023675672 0.014593105495209757 0.01813521121670092
29 0.09844750819840087 0.3250079409693364 0.0623893359904194 0.037623346102532595
29 0.26578134187075675 0.250598496197126 0.0683510699343316 0.039815222338261624
29 0.22750314408143496 0.3087363012827522 0.022200887607385367 0.014547296197672921
29 0.39740010388442976 0.2040932108831633 0.0467643359904194 0.03698667614058876
29 0.5699833114261468 0.16023574671930335 0.022200887607385145 0.014547296197672921
29 0.7412745745704588 0.08500890693757895 0.02014540366347317 0.012514587452429893
9 0.07604605523602535 0.36030512414428495 0.03730578782215599 0.04244813241437373
20 0.07203744629211317 0.362099081653799 0.012332903663473116 0.012196252471457947
20 0.0755342605164644 0.370070749144285 0.012332903663473144 0.012196252471457947
20 0.07918461315668393 0.37511272913477095 0.012230544719560948 0.010243127471457947
20 0.11408081326406926 0.36283356967652325 0.012230544719560948 0.010243127471457836
20 0.13293842506297165 0.33913576088371017 0.014286028663473171 0.01227583621670092
20 0.16316068309101556 0.3413458714349765 0.012230544719560976 0.010243127471457947
20 0.18536157069840087 0.3285494176326494 0.012332903663473116 0.012196252471457947
20 0.18371552253013745 0.3226104588874064 0.012332903663473171 0.012196252471457947
20 0.18021870830578618 0.3146387913969204 0.012332903663473171 0.012196252471457947
20 0.21121281094600575 0.32079494382080825 0.012230544719560976 0.010243127471457947
20 0.23834353799251295 0.2886264075089671 0.012230544719560976 0.010243127471457947
20 0.24178917274490808 0.2975746374994531 0.012332903663473171 0.012196252471457947
20 0.24543952538512762 0.30261661748993907 0.012332903663473116 0.012196252471457947
20 0.2573118138009959 0.300164432461397 0.012332903663473171 0.012196252471457947
20 0.28532089693642515 0.28858329239479885 0.014286028663473171 0.01227583621670092
20 0.3032531257072836 0.2638691292293643 0.012332903663473171 0.012196252471457947
20 0.3344007667633714 0.2670955941532521 0.014286028663473171 0.01227583621670092
20 0.3524353544781421 0.2404283059878175 0.012332903663473171 0.012196252471457947
20 0.35495560620249333 0.24836018160568202 0.012332903663473171 0.012196252471457947
20 0.35660165437075675 0.254299140350925 0.012230544719560976 0.010243127471457947
20 0.3834806365903177 0.24560789591170534 0.012332903663473171 0.012196252471457947
20 0.41056018416486884 0.2144159220998642 0.012332903663473171 0.012196252471457947
20 0.41405699838922005 0.22238758959035018 0.012332903663473171 0.012196252471457947
20 0.41667960905748347 0.22836634020821467 0.012332903663473171 0.012196252471457947
20 0.42855189747335176 0.22591415517967262 0.012332903663473171 0.012196252471457947
20 0.45661216008073713 0.21335645261307445 0.012230544719560976 0.010243127471457947
20 0.47449320937963946 0.18961885194763986 0.014286028663473171 0.01227583621670092
20 0.5056920299076834 0.1918687543715277 0.014183669719560976 0.01032271121670092
20 0.522750055122454 0.16516167433347162 0.012230544719560754 0.010243127471457947
20 0.5262468693468053 0.1731333418239576 0.012230544719560976 0.010243127471457947
20 0.5288694800150687 0.17911209244182208 0.014286028663473171 0.01227583621670092
20 0.5537441577626736 0.17131782675735946 0.014183669719560976 0.01032271121670092
20 0.5818002678372247 0.1401656448181398 0.012332903663473171 0.012196252471457947
20 0.5852970820615759 0.14813731230862576 0.012332903663473171 0.012196252471457947
20 0.5869943097017954 0.15309970855386879 0.012230544719560976 0.010243127471457947
20 0.5988154186457076 0.1516240860253267 0.012230544719560976 0.010243127471457947
20 0.627852243753093 0.13910617533135006 0.012230544719560976 0.010243127471457947
20 0.6467610350239514 0.11443180403853695 0.012332903663473171 0.012196252471457947
20 0.6769321135800392 0.11761847708980329 0.014183669719560976 0.01032271121670092
20 0.69399013879481 0.0909113970517472 0.012230544719560754 0.010243127471457947
20 0.6974869530191612 0.09888306454223318 0.014286028663473171 0.01227583621670092
20 0.7001095636874246 0.10486181516009765 0.014183669719560976 0.01032271121670092
20 0.7250354209069856 0.09609098697563503 0.012230544719560976 0.010243127471457947
9 0.11304891875927897 0.3451758609312803 0.03946363070998038 0.04643396615961681
26 0.13247365728253258 0.3293303440110887 0.03494322704650721 0.03455604866913087
9 0.16110104661426916 0.32462493331711206 0.03751050570998038 0.04635438241437373
26 0.1811952708057862 0.3146785832695419 0.03339953782215599 0.042288964923887784
26 0.21002737802534716 0.3060669225755652 0.033297178878243794 0.040335839923887784
32 0.23932010049251295 0.28866619938158866 0.03339953782215599 0.042288964923887784
32 0.25124356838033735 0.28523745185304655 0.03339953782215599 0.042288964923887784
26 0.28130813545967875 0.2717827705316914 0.03339953782215599 0.042288964923887784
26 0.29975631148293236 0.2558974617388783 0.026926009158682818 0.030331463688158866
26 0.33033682581466894 0.25127163479014464 0.033501896766068184 0.044242089923887784
26 0.35243535447814206 0.24042830598781753 0.03339953782215599 0.04228896492388784
26 0.37731003222574694 0.23263404030335488 0.0273354449343316 0.038143963688158866
9 0.41256448863682493 0.21351894334510718 0.03339953782215599 0.042288964923887784
26 0.4274688234966054 0.20923300893442962 0.03946363070998027 0.04643396615961681
9 0.45455252360399073 0.19663551449521 0.03751050570998038 0.04635438241437384
26 0.47197295765528824 0.18168697632977537 0.028981493102595013 0.03236417243340184
9 0.503632393430937 0.1751478162536632 0.03946363070998027 0.04643396615961681
26 0.522750055122454 0.16516167433347162 0.03339953782215588 0.042288964923887784
26 0.551582162342015 0.15655001363949494 0.033297178878243905 0.040335839923887784
32 0.5828280098091807 0.1392288741907613 0.03339953782215588 0.04228896492388784
26 0.5957280401970051 0.13583991853484073 0.035455021766068295 0.04432167366913081
9 0.6248160447763467 0.12234544534086407 0.03751050570998027 0.04635438241437381
26 0.6432642207996002 0.10646013654805098 0.028981493102595124 0.03236417243340184
9 0.6738959146032928 0.1008577470993173 0.03751050570998027 0.046354382414373785
26 0.694041318266766 0.0899348345517472 0.03535266282215588 0.04236854866913081
26 0.720869121014371 0.08222015261252756 0.029390928878243905 0.04017667243340184
30 0.17646184418882027 0.292955457033813 0.0060640928878243905 0.004145001235728918
27 0.0833509130492986 0.38898356349787844 0.018704073383034092 0.022200628707186865
30 0.34770192786117615 0.21870517975208853 0.0041109678878243905 0.004065417490485945
30 0.5189931910054881 0.14347833997036413 0.0041109678878243905 0.004065417490485945
3 0.41055187909920043 0.17722696335462124 0.0487174609904194 0.03706625988583179
30 0.690233274677844 0.06922806268863974 0.0041109678878243905 0.004065417490486001
31 0.365234375 0.18675716036043902 0.73046875 0.37351432072087803
31 0.38928883211836157 0.24682320964743432 0.7500193082872283 0.402811195720878