34 0.1455078125 0.1337890625 0.0224609375 0.0419921875
1 0.1455078125 0.212890625 0.0234375 0.021484375
24 0.1826171875 0.193359375 0.0087890625 0.0166015625
24 0.1748046875 0.2080078125 0.0078125 0.0166015625
19 0.55078125 0.193359375 0.0068359375 0.0166015625
19 0.548828125 0.2080078125 0.0068359375 0.0166015625
29 0.232421875 0.169921875 0.064453125 0.0078125
29 0.4150390625 0.1689453125 0.0693359375 0.0078125
29 0.357421875 0.20703125 0.021484375 0.00390625
29 0.5537109375 0.1787109375 0.0419921875 0.0185546875
29 0.728515625 0.20703125 0.0224609375 0.0048828125
29 0.9140625 0.20703125 0.01953125 0.00390625
9 0.1982421875 0.193359375 0.0205078125 0.0361328125
20 0.1943359375 0.193359375 0.0107421875 0.0068359375
20 0.1943359375 0.2021484375 0.0107421875 0.0068359375
20 0.1953125 0.2080078125 0.0107421875 0.005859375
20 0.232421875 0.2109375 0.0107421875 0.005859375
20 0.2587890625 0.1962890625 0.0107421875 0.0078125
20 0.28515625 0.2109375 0.0107421875 0.005859375
20 0.3115234375 0.2080078125 0.0107421875 0.0068359375
20 0.3115234375 0.2021484375 0.0107421875 0.0068359375
20 0.3115234375 0.193359375 0.0107421875 0.0068359375
20 0.337890625 0.2109375 0.0107421875 0.005859375
20 0.375 0.1923828125 0.0107421875 0.005859375
20 0.375 0.2021484375 0.0107421875 0.0068359375
20 0.3759765625 0.2080078125 0.0107421875 0.0068359375
20 0.3876953125 0.2109375 0.0107421875 0.0068359375
20 0.41796875 0.2109375 0.01171875 0.0068359375
20 0.4443359375 0.1962890625 0.0107421875 0.0068359375
20 0.4716796875 0.2109375 0.01171875 0.0068359375
20 0.498046875 0.193359375 0.0107421875 0.0068359375
20 0.4970703125 0.2021484375 0.0107421875 0.0068359375
20 0.4970703125 0.2080078125 0.009765625 0.005859375
20 0.5244140625 0.2109375 0.0107421875 0.0068359375
20 0.5615234375 0.193359375 0.0107421875 0.0068359375
20 0.5615234375 0.2021484375 0.0107421875 0.0068359375
20 0.5615234375 0.2080078125 0.0107421875 0.0068359375
20 0.5732421875 0.2109375 0.0107421875 0.0068359375
20 0.6044921875 0.2109375 0.0107421875 0.005859375
20 0.6298828125 0.1962890625 0.01171875 0.0068359375
20 0.6572265625 0.2109375 0.01171875 0.005859375
20 0.68359375 0.193359375 0.0107421875 0.005859375
20 0.68359375 0.2021484375 0.0107421875 0.005859375
20 0.68359375 0.2080078125 0.01171875 0.0068359375
20 0.7099609375 0.2109375 0.01171875 0.005859375
20 0.7470703125 0.193359375 0.0107421875 0.0068359375
20 0.7470703125 0.2021484375 0.0107421875 0.0068359375
20 0.7470703125 0.2080078125 0.0107421875 0.005859375
20 0.7587890625 0.2109375 0.0107421875 0.005859375
20 0.7900390625 0.2109375 0.0107421875 0.005859375
20 0.81640625 0.1962890625 0.0107421875 0.0068359375
20 0.8427734375 0.2109375 0.01171875 0.005859375
20 0.869140625 0.193359375 0.0107421875 0.005859375
20 0.869140625 0.2021484375 0.01171875 0.0068359375
20 0.869140625 0.2080078125 0.01171875 0.005859375
20 0.8955078125 0.2109375 0.0107421875 0.005859375
9 0.23828125 0.1943359375 0.0234375 0.0380859375
26 0.2626953125 0.1875 0.0244140625 0.0244140625
9 0.2900390625 0.1943359375 0.0205078125 0.0390625
26 0.3125 0.193359375 0.017578125 0.0361328125
26 0.341796875 0.197265625 0.0185546875 0.0341796875
32 0.3759765625 0.193359375 0.017578125 0.0361328125
32 0.388671875 0.1943359375 0.0146484375 0.0390625
26 0.4208984375 0.1943359375 0.0166015625 0.0380859375
26 0.4443359375 0.1875 0.017578125 0.0234375
26 0.4736328125 0.1953125 0.0166015625 0.0390625
26 0.498046875 0.193359375 0.017578125 0.0361328125
26 0.5244140625 0.1962890625 0.01171875 0.03515625
9 0.5634765625 0.193359375 0.015625 0.037109375
26 0.5791015625 0.1953125 0.021484375 0.0390625
9 0.6083984375 0.1943359375 0.0205078125 0.0390625
26 0.630859375 0.1875 0.017578125 0.025390625
9 0.662109375 0.1943359375 0.0224609375 0.0390625
26 0.68359375 0.193359375 0.017578125 0.0361328125
26 0.712890625 0.1962890625 0.017578125 0.03515625
32 0.748046875 0.193359375 0.017578125 0.037109375
26 0.76171875 0.1953125 0.017578125 0.0390625
9 0.7939453125 0.1943359375 0.01953125 0.0400390625
26 0.81640625 0.1875 0.0185546875 0.025390625
9 0.8466796875 0.1943359375 0.01953125 0.0400390625
26 0.869140625 0.1923828125 0.0185546875 0.037109375
26 0.8974609375 0.1962890625 0.013671875 0.0361328125
30 0.31640625 0.171875 0.0048828125 0.0029296875
27 0.1943359375 0.22265625 0.0107421875 0.017578125
30 0.5029296875 0.171875 0.00390625 0.0029296875
30 0.6884765625 0.171875 0.00390625 0.0029296875
3 0.576171875 0.1591796875 0.044921875 0.0166015625
30 0.8740234375 0.171875 0.00390625 0.001953125
31 0.529296875 0.1328125 0.80078125 0.0244140625
31 0.529296875 0.2138671875 0.80078125 0.0244140625