34 0.17123299339000198 0.11335165178453739 0.025640609874689524 0.043411945007943015
1 0.1649191004360211 0.19137437601347362 0.025526980386194276 0.023880695007943042
24 0.20407818550124207 0.17545465198723212 0.009867891539645735 0.017748584618439645
24 0.1952095823592954 0.18897311333063646 0.009867891539645679 0.017748584618439645
19 0.5711179671661982 0.20725455864056203 0.007914766539645735 0.01771449269475167
19 0.5681030575498268 0.22185185825503012 0.007914766539645735 0.01771449269475167
29 0.25497306498973726 0.15680979200311818 0.0645213026930972 0.01284378348170151
29 0.4375220747966402 0.17171613686793916 0.07038067769309708 0.012946059252765318
29 0.3767763481917735 0.20483897473361348 0.021518463846548652 0.006234386160567151
29 0.5751037578081449 0.19365086748793786 0.04309374243734476 0.022234397321134358
29 0.7467458173567296 0.23669001927247524 0.023471588846548652 0.006268478084255125
29 0.9322188331892078 0.25262406452282815 0.019565338846548652 0.006200294236879289
9 0.2196975040268173 0.17670394987673554 0.023653396028140927 0.037518478084255125
20 0.2157912540268173 0.17663576602935965 0.01176420179539811 0.008017051542127507
20 0.21476355825699445 0.18540778256751572 0.011764201795398055 0.008017051542127507
20 0.21570603191044585 0.19128420352935965 0.011752838846548541 0.006063926542127507
20 0.2518047555638973 0.19777427911758627 0.011752838846548541 0.006063926542127507
20 0.2792223647314192 0.18555625354921723 0.011764201795398055 0.008017051542127562
20 0.30452208614062304 0.20162444855716027 0.011752838846548541 0.006063926542127507
20 0.3308949551150478 0.20110812702694725 0.011764201795398055 0.008017051542127562
20 0.3319056064615964 0.1952657979887912 0.011764201795398055 0.008017051542127562
20 0.3319567397314192 0.1864767354887912 0.011764201795398055 0.008017051542127562
20 0.357233735242924 0.20645118049673422 0.011752838846548652 0.006063926542127507
20 0.3954105763337201 0.19149097300864876 0.011752838846548652 0.006063926542127507
20 0.39535376158947255 0.20125659800864876 0.011764201795398055 0.008017051542127507
20 0.395319672742924 0.20711597300864876 0.011764201795398055 0.008017051542127507
20 0.40701569684522493 0.21122677455077632 0.011764201795398055 0.008017051542127562
20 0.4372777713963754 0.21370832436793916 0.011764201795398055 0.008017051542127562
20 0.4646953805638973 0.2014902987995701 0.011764201795398055 0.008017051542127507
20 0.49096598299867633 0.2185521022693571 0.011764201795398055 0.008017051542127562
20 0.5184006365894726 0.20340438920098805 0.011764201795398055 0.008017051542127562
20 0.5163963783196497 0.2121593597773001 0.011764201795398055 0.008017051542127507
20 0.516362289473101 0.2180187347773001 0.009799713846548652 0.0060298346184396445
20 0.5436833135754021 0.22240227170893107 0.011764201795398055 0.008017051542127562
20 0.5818544731917735 0.2084186267208456 0.011764201795398055 0.008017051542127562
20 0.5808267774219507 0.21719064325900164 0.011764201795398055 0.008017051542127562
20 0.5807926885754021 0.22305001825900164 0.011764201795398055 0.008017051542127562
20 0.591512150177703 0.22714377383928525 0.011764201795398055 0.008017051542127507
20 0.6227507872288536 0.22964236961829204 0.011752838846548652 0.006063926542127507
20 0.6491918338963754 0.21740729808807902 0.011764201795398055 0.008017051542127562
20 0.6754624363311545 0.234469101557866 0.011752838846548652 0.006063926542127507
20 0.7028970899219507 0.21932138848949695 0.011752838846548652 0.006063926542127562
20 0.7028459566521278 0.22811045098949695 0.011752838846548652 0.006063926542127562
20 0.7018353053055792 0.233952780027653 0.011764201795398055 0.008017051542127562
20 0.7281740854334555 0.23929583349744 0.011752838846548652 0.006063926542127507
20 0.7663509265242516 0.22433562600935453 0.011764201795398055 0.008017051542127507
20 0.7662997932544288 0.23312468850935453 0.011764201795398055 0.008017051542127507
20 0.7652891419078802 0.23896701754751054 0.011752838846548652 0.006063926542127507
20 0.7769851660101812 0.2430778190896381 0.011752838846548652 0.006063926542127562
20 0.8082238030613316 0.2455764148686449 0.011752838846548652 0.006063926542127562
20 0.8356414122288536 0.23335838930027586 0.011764201795398055 0.008017051542127507
20 0.8609354521636325 0.25040314680821885 0.011752838846548652 0.006063926542127618
20 0.8883701057544288 0.2352554337398498 0.011752838846548652 0.006063926542127507
20 0.8873424099846059 0.24402745027800588 0.011764201795398055 0.008017051542127507
20 0.8873083211380572 0.24988682527800588 0.011752838846548652 0.006063926542127507
20 0.9136471012659335 0.25522987874779285 0.011752838846548652 0.006063926542127507
9 0.25873727812911823 0.181292038350494 0.025617883976990496 0.03950569500794299
26 0.28415631050124207 0.17685242085843705 0.02553834333504379 0.025833820007942987
9 0.3104723647314192 0.18610172432822403 0.02367612192584001 0.041424728084255125
26 0.3329333022314192 0.18649378145063517 0.01974714602814087 0.037450294236879234
26 0.3621960883848706 0.19286453530595404 0.02168890807929147 0.03553126116056715
32 0.3963814573592954 0.19248458147049274 0.01974714602814087 0.03745029423687929
32 0.4090654069104459 0.19465930397446424 0.017805383976990496 0.039369327313191316
26 0.4412806064615964 0.19717494571531502 0.019758508976990496 0.03940341923687929
26 0.4647465138337202 0.1927012362995701 0.01967896833504379 0.02573154423687929
26 0.49398657408947255 0.20297824015488897 0.0197698719258399 0.04135654423687929
26 0.5184006365894726 0.20340438920098802 0.01974714602814087 0.03745029423687929
26 0.5447394167173487 0.20874744267077502 0.013876408079291469 0.03539489346581548
9 0.5838075981917735 0.20845271864453352 0.017805383976990496 0.039369327313191316
26 0.5994155537684992 0.21165514153403692 0.0236761219258399 0.041424728084255125
9 0.6287010658196497 0.2141196453893558 0.0236761219258399 0.041424728084255125
26 0.6511960921661983 0.20865232751176693 0.019690331283893414 0.02768466923687929
9 0.6814183963963754 0.2179698148289298 0.02562924692584012 0.04145882000794299
26 0.7028970899219507 0.21932138848949695 0.01974714602814087 0.037450294236879234
26 0.7321655575498268 0.22471557984481583 0.01974714602814087 0.037450294236879234
32 0.7673274890242516 0.22435267197119846 0.019758508976990496 0.03940341923687929
26 0.7809823196009773 0.22752100293701394 0.0197698719258399 0.04135654423687929
9 0.8131975191521278 0.23003664467786472 0.0217229969258399 0.04139063616056715
26 0.8366691079986763 0.22458637276211982 0.019690331283893414 0.027684669236879234
9 0.8659091682544288 0.2348633766174387 0.0217229969258399 0.04139063616056721
26 0.8883757872288536 0.23427887123984983 0.021711633976990274 0.03943751116056721
26 0.9166620108823049 0.24063257913332473 0.01584089602814087 0.0373821103895034
30 0.3389119881943392 0.16608824472169895 0.0058821008976990274 0.004008525771063753
27 0.21366768479407444 0.20589854910567174 0.011821016539645735 0.017782676542127507
30 0.5243850040268173 0.18202228997205183 0.0039289758976990274 0.003974433847375836
30 0.7098580198592954 0.1979563352224047 0.0039289758976990274 0.003974433847375836
3 0.5986492058222154 0.17550528307219296 0.04698862948849514 0.020349456168510194
30 0.8953253542173487 0.21486694297275755 0.003917612948849403 0.0020213088473758356
31 0.5538977750549582 0.14542429382737068 0.8012471309028304 0.09405581371204924
31 0.5475668376777031 0.22637670555630693 0.8012471309028304 0.09405581371204924