20 0.216796875 0.0947265625 0.0107421875 0.005859375
20 0.216796875 0.115234375 0.0107421875 0.0068359375
20 0.216796875 0.13671875 0.0107421875 0.005859375
20 0.216796875 0.15625 0.0107421875 0.0068359375
20 0.712890625 0.0947265625 0.01171875 0.005859375
20 0.712890625 0.115234375 0.01171875 0.0068359375
20 0.712890625 0.1357421875 0.01171875 0.0048828125
20 0.712890625 0.15625 0.0107421875 0.0068359375
20 0.90234375 0.12109375 0.01171875 0.0068359375
20 0.90234375 0.1005859375 0.01171875 0.005859375
20 0.90234375 0.1416015625 0.01171875 0.0048828125
20 0.90234375 0.162109375 0.01171875 0.0068359375
20 0.2783203125 0.23828125 0.01171875 0.0068359375
20 0.2783203125 0.279296875 0.01171875 0.0068359375
20 0.2783203125 0.2587890625 0.01171875 0.0048828125
20 0.3037109375 0.2470703125 0.0107421875 0.0048828125
20 0.328125 0.2529296875 0.01171875 0.0048828125
20 0.328125 0.267578125 0.01171875 0.0068359375
20 0.3525390625 0.2470703125 0.01171875 0.0048828125
20 0.3525390625 0.2587890625 0.01171875 0.005859375
20 0.3779296875 0.2529296875 0.0107421875 0.0048828125
20 0.3779296875 0.23828125 0.0107421875 0.0068359375
20 0.40234375 0.2470703125 0.01171875 0.0048828125
20 0.4267578125 0.23828125 0.01171875 0.0068359375
20 0.4267578125 0.2529296875 0.01171875 0.0048828125
20 0.4521484375 0.2470703125 0.0107421875 0.0048828125
20 0.4521484375 0.232421875 0.0107421875 0.0068359375
20 0.4765625 0.2265625 0.01171875 0.0068359375
20 0.4765625 0.23828125 0.01171875 0.0068359375
20 0.501953125 0.232421875 0.0107421875 0.0068359375
20 0.5009765625 0.2470703125 0.01171875 0.0048828125
20 0.5263671875 0.2265625 0.0107421875 0.0068359375
20 0.5263671875 0.23828125 0.0107421875 0.0068359375
20 0.564453125 0.2529296875 0.01171875 0.0048828125
20 0.564453125 0.267578125 0.01171875 0.0068359375
20 0.5888671875 0.2470703125 0.0107421875 0.0048828125
20 0.5888671875 0.26171875 0.0107421875 0.0068359375
20 0.61328125 0.2529296875 0.0107421875 0.0048828125
20 0.61328125 0.267578125 0.0107421875 0.0068359375
20 0.638671875 0.2470703125 0.01171875 0.0048828125
20 0.638671875 0.26171875 0.01171875 0.0068359375
20 0.6630859375 0.2412109375 0.0107421875 0.0048828125
20 0.6630859375 0.2529296875 0.0107421875 0.0048828125
20 0.6875 0.232421875 0.0107421875 0.0068359375
20 0.6875 0.2470703125 0.0107421875 0.0048828125
20 0.712890625 0.2412109375 0.01171875 0.0048828125
20 0.712890625 0.2529296875 0.01171875 0.0048828125
20 0.7373046875 0.232421875 0.0107421875 0.0068359375
20 0.7373046875 0.2470703125 0.0107421875 0.0048828125
20 0.7626953125 0.2265625 0.0107421875 0.0068359375
20 0.7626953125 0.2412109375 0.0107421875 0.0048828125
20 0.787109375 0.220703125 0.01171875 0.0068359375
20 0.787109375 0.232421875 0.01171875 0.0068359375
20 0.8115234375 0.205078125 0.0107421875 0.005859375
20 0.8115234375 0.2265625 0.0107421875 0.0068359375
20 0.40234375 0.2587890625 0.01171875 0.005859375
34 0.1455078125 0.1337890625 0.0224609375 0.0419921875
34 0.1455078125 0.244140625 0.0224609375 0.0419921875
34 0.544921875 0.2470703125 0.0146484375 0.02734375
11 0.1787109375 0.12109375 0.0078125 0.0146484375
11 0.1689453125 0.1298828125 0.0078125 0.0146484375
11 0.1884765625 0.1328125 0.0078125 0.0146484375
11 0.1787109375 0.2314453125 0.0078125 0.0146484375
11 0.1689453125 0.240234375 0.0078125 0.0146484375
11 0.1884765625 0.244140625 0.0078125 0.0146484375
0 0.2578125 0.240234375 0.0166015625 0.013671875
31 0.529296875 0.1328125 0.80078125 0.0244140625
31 0.529296875 0.244140625 0.80078125 0.0244140625
22 0.8544921875 0.244140625 0.0087890625 0.017578125
22 0.21484375 0.244140625 0.0087890625 0.017578125
15 0.216796875 0.0986328125 0.0107421875 0.0400390625
15 0.216796875 0.087890625 0.0107421875 0.0185546875
21 0.712890625 0.087890625 0.01171875 0.0185546875
21 0.712890625 0.0986328125 0.01171875 0.0400390625
15 0.2158203125 0.1533203125 0.0107421875 0.0390625
15 0.216796875 0.1630859375 0.0107421875 0.01953125
21 0.712890625 0.1533203125 0.01171875 0.0390625
21 0.712890625 0.1630859375 0.01171875 0.01953125
26 0.90625 0.1025390625 0.01953125 0.044921875
26 0.90625 0.091796875 0.01953125 0.0234375
26 0.90234375 0.1611328125 0.01171875 0.0439453125
26 0.90234375 0.1708984375 0.0107421875 0.0244140625
32 0.283203125 0.2216796875 0.021484375 0.0400390625
32 0.3046875 0.2255859375 0.0146484375 0.0478515625
32 0.3310546875 0.228515625 0.0166015625 0.0546875
32 0.3544921875 0.2255859375 0.015625 0.048828125
32 0.3798828125 0.2216796875 0.0146484375 0.0400390625
32 0.4052734375 0.2255859375 0.0166015625 0.0478515625
32 0.4287109375 0.2216796875 0.0146484375 0.0400390625
32 0.4541015625 0.21875 0.015625 0.0341796875
32 0.4794921875 0.2158203125 0.017578125 0.0283203125
32 0.50390625 0.21875 0.0146484375 0.0341796875
32 0.52734375 0.2158203125 0.013671875 0.0283203125
32 0.56640625 0.228515625 0.015625 0.0537109375
32 0.591796875 0.2255859375 0.0166015625 0.0478515625
32 0.6162109375 0.228515625 0.015625 0.0546875
32 0.640625 0.2255859375 0.0166015625 0.048828125
32 0.6650390625 0.22265625 0.015625 0.0419921875
32 0.6875 0.2177734375 0.0107421875 0.0341796875
32 0.71875 0.2197265625 0.0244140625 0.0478515625
32 0.7412109375 0.21484375 0.0185546875 0.0419921875
32 0.7646484375 0.2109375 0.0166015625 0.0380859375
32 0.787109375 0.20703125 0.01171875 0.0341796875
26 0.8115234375 0.197265625 0.0107421875 0.0205078125
26 0.2783203125 0.2783203125 0.01171875 0.0439453125
26 0.2783203125 0.2880859375 0.01171875 0.0244140625
32 0.328125 0.28125 0.01171875 0.03515625
32 0.3525390625 0.27734375 0.01171875 0.0419921875
32 0.3779296875 0.2744140625 0.0107421875 0.0478515625
32 0.40234375 0.27734375 0.01171875 0.041015625
32 0.4267578125 0.2734375 0.01171875 0.046875
32 0.4521484375 0.2705078125 0.0107421875 0.052734375
32 0.4765625 0.265625 0.01171875 0.060546875
32 0.5009765625 0.26953125 0.01171875 0.05078125
32 0.5263671875 0.2646484375 0.0107421875 0.0595703125
32 0.564453125 0.279296875 0.01171875 0.0302734375
32 0.5888671875 0.275390625 0.0107421875 0.03515625
32 0.61328125 0.2783203125 0.0107421875 0.0283203125
32 0.638671875 0.275390625 0.01171875 0.0341796875
32 0.6630859375 0.2705078125 0.0107421875 0.041015625
32 0.685546875 0.267578125 0.015625 0.046875
32 0.712890625 0.2646484375 0.01171875 0.02734375
32 0.7373046875 0.259765625 0.0107421875 0.03125
32 0.7626953125 0.255859375 0.0107421875 0.03515625
32 0.7861328125 0.25 0.0146484375 0.0419921875
9 0.80859375 0.24609375 0.0185546875 0.046875
29 0.46484375 0.0888671875 0.4814453125 0.0126953125
29 0.46484375 0.107421875 0.48046875 0.0126953125
29 0.4638671875 0.142578125 0.48046875 0.0126953125
29 0.4638671875 0.1640625 0.48046875 0.0126953125
29 0.9189453125 0.083984375 0.009765625 0.0048828125
29 0.9130859375 0.17578125 0.0205078125 0.0087890625
29 0.48828125 0.1884765625 0.4091796875 0.0234375
29 0.4775390625 0.306640625 0.41015625 0.029296875
29 0.7568359375 0.27734375 0.099609375 0.013671875
8 0.7265625 0.0947265625 0.0087890625 0.001953125
8 0.7265625 0.1123046875 0.0087890625 0.001953125
30 0.7236328125 0.0947265625 0.0029296875 0.001953125
30 0.7294921875 0.0947265625 0.0029296875 0.001953125
30 0.7236328125 0.1123046875 0.0029296875 0.001953125
30 0.7294921875 0.1123046875 0.0029296875 0.001953125
8 0.7265625 0.1357421875 0.0087890625 0.001953125
8 0.7265625 0.1591796875 0.0087890625 0.001953125
30 0.7236328125 0.1357421875 0.0029296875 0.001953125
30 0.7294921875 0.1357421875 0.0029296875 0.001953125
30 0.7236328125 0.1591796875 0.0029296875 0.001953125
30 0.7294921875 0.1591796875 0.0029296875 0.001953125