20 0.43678687634966773 0.01360882257901011 0.014422846622369923 0.01211656093294846
20 0.425832212947582 0.03244766074540187 0.012344559685308232 0.010106605799670099
20 0.4149401305140272 0.050309936411793627 0.014422846622369923 0.012116560932948467
20 0.8668543530246394 0.22333621725818514 0.014422846622369923 0.01211656093294844
20 0.8559622705910845 0.2411984929245769 0.014422846622369923 0.01211656093294844
20 0.8450701881575298 0.2590607685909687 0.012344559685308454 0.010106605799670154
20 0.833138962255444 0.2779280218239996 0.014422846622369923 0.01211656093294844
20 0.4221035847868213 0.15147462547884516 0.014422846622369923 0.01211656093294844
20 0.40031941991971154 0.18719917681162868 0.014422846622369923 0.01211656093294844
20 0.4112115023532664 0.16933690114523692 0.012344559685308232 0.010106605799670099
20 0.43940665291620473 0.17046598921270084 0.012344559685308232 0.010106605799670154
20 0.4568974639511807 0.1865276654465565 0.012344559685308232 0.010106605799670099
20 0.4482088303917492 0.20042686097966989 0.014422846622369923 0.01211656093294844
20 0.47989689717146494 0.19268164134721627 0.012344559685308232 0.010106605799670099
20 0.47432569401762587 0.20356590418041215 0.014422846622369923 0.01211656093294844
20 0.4983016897379101 0.20969146501443275 0.012344559685308232 0.010106605799670099
20 0.5069277423288108 0.19676883198131934 0.014422846622369923 0.01211656093294844
20 0.5222776854581943 0.21581702584845336 0.012344559685308232 0.010106605799670099
20 0.547417986584071 0.21898448411583482 0.014422846622369923 0.01211656093294844
20 0.5397684964931703 0.23187870208230904 0.012344559685308232 0.010106605799670154
20 0.5646584737449236 0.23895241034969045 0.012344559685308454 0.010106605799670154
20 0.5723079638358244 0.22605819238321623 0.014422846622369923 0.01211656093294844
20 0.5963465405246394 0.23120719071723683 0.014422846622369923 0.01211656093294844
20 0.5897987748708003 0.2421198686170719 0.014422846622369923 0.01211656093294844
20 0.6147513330910845 0.24821701438445332 0.014422846622369923 0.01211656093294844
20 0.6051487180001839 0.2611680624842059 0.012344559685308232 0.010106605799670154
20 0.6377507663113688 0.2543709902851131 0.014422846622369923 0.01211656093294844
20 0.6321795631575298 0.265255253118309 0.014422846622369923 0.01211656093294855
20 0.6555675971645433 0.2957664613856904 0.012344559685308232 0.010106605799670154
20 0.6479181070736426 0.3086606793521647 0.0144228466223697 0.01211656093294855
20 0.6795435928848275 0.301892022219711 0.012344559685308454 0.010106605799670154
20 0.6718941027939268 0.3147862401861853 0.014422846622369923 0.01211656093294855
20 0.6970344039198035 0.3179536984535667 0.012344559685308454 0.010106605799670154
20 0.6893849138289028 0.3308479164200409 0.014422846622369923 0.01211656093294844
20 0.7219869621400877 0.3240508442209481 0.012344559685308232 0.010106605799670154
20 0.713360909549187 0.3369734772540615 0.014422846622369923 0.01211656093294844
20 0.7459629578603719 0.3301764050549687 0.012344559685308232 0.010106605799670154
20 0.7394151922065328 0.3410890829548038 0.012344559685308232 0.010106605799670154
20 0.7711032589862487 0.33334386332235016 0.014422846622369923 0.01211656093294844
20 0.762414625426817 0.3472430588554636 0.012344559685308232 0.010106605799670154
20 0.7873671836471012 0.353340204622845 0.012344559685308454 0.010106605799670154
20 0.780881998961793 0.36327632002268007 0.012344559685308232 0.010106605799670154
20 0.812507484772978 0.3565076628902264 0.014422846622369923 0.01211656093294855
20 0.8048579946820773 0.36940188085670067 0.012344559685308454 0.010106605799670154
20 0.8373974620247313 0.36358137115760786 0.0144228466223697 0.01211656093294844
20 0.8297479719338307 0.3764755891240821 0.012344559685308232 0.010106605799670154
20 0.8614360387135465 0.36873036949162846 0.014422846622369923 0.01211656093294844
20 0.8548882730597074 0.3796430473914635 0.0144228466223697 0.01211656093294855
20 0.8898189321820773 0.36692977005909233 0.012344559685308454 0.010106605799670154
20 0.8788642687799916 0.3857686082254841 0.014422846622369923 0.01211656093294855
20 0.5157925007728861 0.22575314124828844 0.014422846622369923 0.01211656093294844
34 0.3661862045035068 0.010567118138226726 0.041065090992986386 0.02113423627645345
34 0.30775696136720165 0.09534253604218543 0.04206638648947969 0.04801160266556703
34 0.6428344366925056 0.28151583481863884 0.027393215992986608 0.03198879173261848
11 0.40153019740909923 0.004499855255566921 0.014673170496493304 0.008999710511133841
11 0.3886471420035068 0.006149396938721562 0.014673170496493193 0.012298793877443124
11 0.4035211703811369 0.015551497344742083 0.014673170496493193 0.01602281093294846
11 0.34260030652454754 0.0992024061431751 0.014673170496493193 0.01602281093294844
11 0.32874068861895506 0.10252990457612356 0.014673170496493193 0.016022810932948467
11 0.34355213602805434 0.11477057600989675 0.014673170496493304 0.016022810932948467
0 0.4041121260035987 0.1432254492449895 0.022735994370616464 0.020156381466061857
31 0.6610616074197115 0.19416086813822672 0.6778767851605769 0.38832173627645344
31 0.6279604083148755 0.2702517258848657 0.7333152567829468 0.43072875824676315
22 0.9058456479443511 0.42104896872630887 0.016876619370616464 0.019985891066226835
22 0.3661760834371536 0.1267839269105565 0.016876619370616464 0.019985891066226835
15 0.4452877670035068 0.00934527027274217 0.031299465992986386 0.01869054054548434
21 0.8701595263358244 0.21739159705826763 0.020908031307678154 0.022052676332783516
21 0.864713485119047 0.2263227348914635 0.03192527567829462 0.041868076999175274
15 0.41616701688815044 0.04637527134515444 0.03180011374123304 0.039914951999175274
15 0.4116349572028422 0.05625455661171115 0.020908031307678154 0.022052676332783516
21 0.8352798301610365 0.2749415041907213 0.03180011374123293 0.039914951999175274
21 0.8298337889442591 0.28387264202391715 0.021033193244739845 0.024005801332783516
32 0.435612449877722 0.13840991711253586 0.041941224552418 0.04605847766556703
32 0.45133787881829046 0.15159873597966989 0.03828529842654127 0.04985106739901035
32 0.47182095832179727 0.16659860451360803 0.04464532117478792 0.05783405779884537
32 0.4937186671050198 0.17473412048090697 0.04036358536360296 0.051861022532288636
32 0.5175695008882424 0.18281280631492758 0.03400356261535631 0.04387803213245367
32 0.5360994553917491 0.19786950498214406 0.04036358536360307 0.051861022532288636
32 0.5580597451435025 0.20502845844944304 0.03400356261535631 0.043878032132453615
32 0.5818479979581943 0.21408370678346364 0.03167495180417146 0.037961826999175274
32 0.6046596882728861 0.22316737018412341 0.03142462793004808 0.034055576999175274
32 0.6232522237449236 0.2372475063513399 0.031674951804171236 0.037961826999175274
32 0.6451499325281462 0.24538302231863887 0.027393215992986386 0.03198879173261854
32 0.6705536725036907 0.27486083795274197 0.04256703423772645 0.05582410266556703
32 0.6933653628183825 0.28394450135340177 0.04036358536360307 0.051861022532288636
32 0.71293446079042 0.29799622245397905 0.04452015923772623 0.05588093279884543
32 0.7348321695736426 0.306131738421278 0.04231671036360307 0.05191785266556703
32 0.7566672973883343 0.31524381688857694 0.036081849552418 0.045887987265732066
32 0.7787527490771493 0.32044964535587595 0.027643539867109546 0.03589504173261848
32 0.8039934791435945 0.33726056355661815 0.04830124730066476 0.054041468065402
32 0.8260789308324096 0.34246639202391715 0.039988099552418 0.046001647532288636
32 0.8480392205841629 0.3496253454912161 0.03583152567829462 0.041981737265731955
32 0.8690229478359164 0.35681271402515424 0.029596664867109546 0.03595187186589688
26 0.894163248961793 0.35998017229253565 0.021033193244739845 0.024005801332783516
26 0.4013585633882424 0.1861941992449895 0.034128724552418 0.045831157132453615
26 0.39591252217146494 0.19512533707818538 0.023236642118863116 0.027968881466061857
32 0.44159848376937927 0.21231610137950496 0.029721826804171347 0.03790499686589688
32 0.46355877352113267 0.2194750548468039 0.03400356261535631 0.043878032132453615
32 0.4873470263358244 0.2285303031808245 0.03620701148947969 0.047841112265731955
32 0.505939561807862 0.242610439348041 0.03192527567829462 0.041868076999175274
32 0.5288138330910845 0.2507175402487008 0.03620701148947969 0.047841112265731955
32 0.5516255234057763 0.25980120364936055 0.03841046036360307 0.05180419239901035
32 0.5746249566260606 0.26595517955002035 0.04281735811184939 0.05973035266556703
32 0.5931549111295673 0.28101187821723683 0.03841046036360307 0.05180419239901035
32 0.6170683258813208 0.28811400155125744 0.04269219617478792 0.05777722766556703
32 0.6414329223883343 0.3185967947519997 0.027393215992986386 0.03198879173261859
32 0.6643071936715569 0.32670389565265945 0.029596664867109768 0.03595187186589688
32 0.6838762916435945 0.3407556167532368 0.025314929055924917 0.029978836599340197
32 0.7066879819582863 0.34983928015389654 0.029596664867109546 0.03595187186589688
32 0.7296874151785704 0.35599325605455634 0.03192527567829462 0.041868076999175274
32 0.750608561461793 0.36415718708849454 0.04023842342654138 0.049907897532288636
32 0.7753107958079539 0.37416058285587595 0.025314929055924695 0.02997883659934031
32 0.7982476480597074 0.3812911212565357 0.027518377930048077 0.03394191673261859
32 0.8211219193429299 0.3893982221571955 0.029596664867109768 0.03595187186589688
32 0.8441839335317449 0.39457563555785524 0.03595668761535631 0.043934862265732066
9 0.8651676607834984 0.4017630040917934 0.04231671036360307 0.05191785266556703
29 0.6610601104651159 0.11593788322307207 0.44337961713270646 0.23187576644614413
29 0.6502306090000919 0.12436653227294835 0.44142649213270646 0.2487330645458967
29 0.6307124739756363 0.15125317621806156 0.44142649213270646 0.25652959405468057
29 0.6187812480735506 0.1701204294510925 0.44142649213270646 0.2565295940546806
29 0.6264191201435025 0.20303940378470076 0.3831587619509049 0.2294908951896084
29 0.5536921923218892 0.30360444081616467 0.38744049776209 0.2354639304561652
29 0.8054721863464367 0.40544944815678313 0.09763002004891108 0.0632747213973609
8 0.8781350362449236 0.22983117395851504 0.008187985811185072 0.006086695533113362
8 0.8684072592169614 0.24473534705826763 0.008187985811185072 0.006086695533113418
30 0.8753305106819853 0.22796329415843258 0.0041565738741233815 0.004019910266556681
30 0.8810021427763928 0.2307224912585975 0.0041565738741233815 0.004019910266556681
30 0.8665167151854921 0.243815614691546 0.0041565738741233815 0.004019910266556681
30 0.8712117847798997 0.24660322685835012 0.0041565738741233815 0.004019910266556681
8 0.8563508713778138 0.26555572529129856 0.008187985811185072 0.006086695533113362
8 0.8433179210386665 0.2864045185909687 0.008187985811185072 0.006086695533113362
30 0.8534837648463447 0.2646644079912161 0.0041565738741233815 0.004019910266556681
30 0.8581788344407524 0.2674520201580202 0.0041565738741233815 0.004019910266556681
30 0.8404508145071974 0.2855132012908862 0.0041565738741233815 0.004019910266556681
30 0.846122446601605 0.2882723983910511 0.0041565738741233815 0.004019910266556792