20 0.17030224304580938 0.14719398668699923 0.012128185775648781 0.008495039462538823
20 0.17430669945688737 0.16787243405263397 0.012128185775648781 0.008495039462538878
20 0.17836233533992146 0.18952744391826867 0.012128185775648781 0.008495039462538878
20 0.18231561227904336 0.2092293287839034 0.012128185775648781 0.008495039462538878
20 0.6579306175088827 0.1074443908250868 0.012128185775648781 0.008495039462538878
20 0.6618838944480047 0.1271462756907215 0.012128185775648781 0.008495039462538878
20 0.6658883508590826 0.14782472305635624 0.012025826831736586 0.006541914462538823
20 0.6698928072701607 0.16850317042199095 0.012128185775648781 0.008495039462538878
20 0.8492856880369266 0.11761597287988831 0.012128185775648781 0.008495039462538878
20 0.8453324110978048 0.09791408801425358 0.012128185775648781 0.008495039462538878
20 0.8532901444480047 0.13829442024552302 0.012025826831736586 0.006541914462538878
20 0.8572946008590826 0.15897286761115775 0.012128185775648781 0.008495039462538823
20 0.25836851820379436 0.2857039471362264 0.012128185775648781 0.008495039462538934
20 0.26637743102595035 0.32706084186749584 0.012128185775648781 0.008495039462538934
20 0.2623729746148724 0.3063823945018611 0.012025826831736586 0.006541914462538934
20 0.28499160306357485 0.29212247342693887 0.012025826831736586 0.006541914462538823
20 0.31053576647944314 0.2965309964291064 0.012025826831736586 0.006541914462538934
20 0.3132565835587846 0.3112931905061962 0.012128185775648781 0.008495039462538934
20 0.33253608873183826 0.2890501345656392 0.012025826831736586 0.006541914462538934
20 0.33505218792335534 0.29990607864272906 0.012128185775648781 0.008495039462538823
20 0.35900563517575046 0.2925389733563517 0.012025826831736586 0.006541914462538934
20 0.35628481809640905 0.2777767792792619 0.012128185775648781 0.008495039462538934
20 0.38193134045618954 0.28413842728142946 0.012025826831736586 0.006541914462538934
20 0.4037781242927164 0.27372787791796227 0.012128185775648781 0.008495039462538823
20 0.40747550387205783 0.288546950283597 0.012025826831736586 0.006541914462538934
20 0.43040120915249686 0.28014640420867476 0.012025826831736586 0.006541914462538934
20 0.42768039207315545 0.26538421013158486 0.012128185775648781 0.008495039462538934
20 0.45065727682555057 0.2579602265566626 0.012128185775648781 0.008495039462538934
20 0.45322455548902374 0.26979273313375246 0.012128185775648781 0.008495039462538823
20 0.47712682326946276 0.2614490653473751 0.012128185775648781 0.008495039462538934
20 0.4788710778488042 0.27615438113592 0.012025826831736586 0.006541914462538823
20 0.5001037080218579 0.25402508177245287 0.012128185775648781 0.008495039462538934
20 0.5016944241853311 0.2658007100609977 0.012128185775648781 0.008495039462538934
20 0.5421941019329359 0.2769217823913389 0.012025826831736586 0.006541914462538934
20 0.5449149190122773 0.2916839764684287 0.012128185775648781 0.008495039462538934
20 0.5651709866853311 0.2694977988164166 0.012025826831736586 0.006541914462538823
20 0.5678918037646725 0.28425999289350645 0.012128185775648781 0.008495039462538934
20 0.5906639706292433 0.27292975931858415 0.012025826831736586 0.006541914462538823
20 0.5933847877085847 0.287691953395674 0.012128185775648781 0.008495039462538934
20 0.6146174178816384 0.2655626540322068 0.012025826831736586 0.006541914462538934
20 0.6173382349609798 0.2803248481092966 0.012128185775648781 0.008495039462538934
20 0.6365665606620774 0.2571052296687396 0.012025826831736364 0.006541914462538934
20 0.6391338393255506 0.2689377362458294 0.012025826831736586 0.006541914462538934
20 0.6593899069986043 0.24675155859381737 0.012128185775648781 0.008495039462538823
20 0.6621107240779457 0.26151375267090715 0.012025826831736586 0.006541914462538934
20 0.6860129918583848 0.25317008488452986 0.012025826831736586 0.006541914462538934
20 0.6885802705218579 0.26500259146161964 0.012025826831736586 0.006541914462538934
20 0.7088363381949117 0.24281641380960756 0.012128185775648781 0.008495039462538878
20 0.7115571552742531 0.2575786078866974 0.012025826831736586 0.006541914462538934
20 0.7317620434753507 0.23441586773468528 0.012128185775648781 0.008495039462538878
20 0.7354594230546921 0.24923494010032002 0.012025826831736586 0.006541914462538878
20 0.7547389282277459 0.226991884159763 0.012128185775648781 0.008495039462538823
20 0.757306206891219 0.23882439073685283 0.012128185775648781 0.008495039462538878
20 0.77622745576058 0.20974539729629585 0.012128185775648781 0.008495039462538878
20 0.780231912171658 0.23042384466193058 0.012128185775648781 0.008495039462538878
20 0.38449861911966265 0.29597093385851925 0.012128185775648781 0.008495039462538823
34 0.10743152914361412 0.19221126635449057 0.02969800570998038 0.04651446707925738
34 0.12878863000269675 0.3024963189712091 0.02969800570998038 0.04651446707925744
34 0.5225093135170676 0.2728545291204408 0.01911350915868293 0.03032068419380829
11 0.13781147812036051 0.17742980908792755 0.010584496551297506 0.016193782885449037
11 0.13051077283992146 0.1867404077795683 0.010584496551297506 0.016193782885449037
11 0.15004202283992146 0.18787797355046643 0.010584496551297506 0.016193782885449037
11 0.15911739950748705 0.28673829920464605 0.010584496551297506 0.016193782885449037
11 0.1508913111990041 0.2969685821077419 0.010584496551297506 0.016193782885449037
11 0.1714503031709602 0.29913958866718493 0.010584496551297506 0.016193782885449037
0 0.23811660306357485 0.2893923155767834 0.018396996551297562 0.01664880919380829
31 0.4844482912140728 0.15964942059845888 0.8039377671299411 0.18117830845264304
31 0.5058565715451115 0.2709110357151774 0.803937767129941 0.18117830845264304
22 0.8257679408351312 0.24475899593499623 0.012742339439121952 0.020213789462538823
22 0.1966362102831358 0.29671217416935247 0.012742339439121897 0.020213789462538934
15 0.17148352343363377 0.15115711497554415 0.01777453782215599 0.041925677616718504
15 0.16896742424211672 0.14030117089845434 0.014695464439121897 0.020327546039628663
21 0.65659579870519 0.10055157503654188 0.014695464439121952 0.020327546039628663
21 0.6591118978967072 0.11140751911363171 0.019727662822155878 0.04203943419380832
15 0.18020894886317507 0.2061858847068136 0.01777453782215599 0.041925677616718504
15 0.18365043108273604 0.2161221445724483 0.014797823383034037 0.022280671039628663
21 0.6687627063542922 0.16551660463344603 0.019727662822155878 0.04203943419380829
21 0.6712276260738532 0.17539598621053587 0.014797823383033926 0.02228067103962872
26 0.8492898405697609 0.0991181636684332 0.027847239653892686 0.04835383550216754
26 0.8477503038782438 0.08831909787988831 0.024768166270858538 0.026755703925077756
26 0.8572434213871265 0.15799630511115775 0.01993238070998027 0.04594568419380829
26 0.8587317786066875 0.16781880839970265 0.015002541270858538 0.026186921039628663
32 0.25945159218054076 0.2692161412133162 0.029595646766068184 0.04456134207925733
32 0.28196370915249686 0.2715009043498491 0.02404334859780477 0.05007944734798797
32 0.3082797171805408 0.2720600556405615 0.02640590937345344 0.058005703925077756
32 0.33038239837684813 0.2665323187770944 0.024145707541716854 0.05203257234798797
32 0.35541476707315545 0.2611752167792619 0.02168078782215599 0.042153190770898075
32 0.38080539207315545 0.26265405228142946 0.02599647359780477 0.050193203925077645
32 0.40290807326946276 0.25712631541796227 0.02168078782215599 0.042153190770898075
32 0.42696387946577014 0.2517123351315849 0.021373710990419403 0.036293815770898075
32 0.45204742763403355 0.24733179563375246 0.023122118102595013 0.03250132234798786
32 0.47641031066207745 0.2477771903473751 0.021373710990419403 0.036293815770898075
32 0.49856417133034087 0.24322601598390792 0.019113509158682818 0.03032068419380829
32 0.5399380526340336 0.25245084160279396 0.026303550429541467 0.056052578925077756
32 0.564045038302297 0.2480134238164166 0.02599647359780466 0.050193203925077756
32 0.5884079213303408 0.24845881853003926 0.02640590937345344 0.058005703925077756
32 0.6115383444986042 0.24396452245511696 0.026098832541717076 0.052146328925077756
32 0.6355941506949117 0.23855054216873964 0.023736271766068295 0.044220072347987915
32 0.6566690899192629 0.23198936451672753 0.017467460990419514 0.036066302616718504
32 0.6878167309753507 0.23185634475016453 0.033911332541717076 0.05260135523343701
32 0.7088404907277459 0.22431860459815245 0.02579175570998027 0.046286953925077756
32 0.7309431719240531 0.21879086773468528 0.023531553878243905 0.040313822347987915
32 0.7520692906203605 0.21320625258267323 0.017467460990419514 0.036066302616718504
26 0.7748414574849313 0.20187601900775096 0.014797823383034148 0.022280671039628663
26 0.26632625155399425 0.32608427936749584 0.01993238070998027 0.04594568419380829
26 0.26781460877355523 0.33590678265604074 0.016955666270858427 0.026300677616718504
32 0.3159262211661699 0.32507882208328603 0.0175698199343316 0.038019427616718504
32 0.33895428539052114 0.3186314010083638 0.019830021766068184 0.04399255919380829
32 0.3630612710587846 0.31419398322198644 0.02013709859780466 0.0498519341938084
32 0.38742415408682845 0.31463937793560903 0.019830021766068184 0.0439925591938084
32 0.4105033977831358 0.3091685193606868 0.02013709859780477 0.04985193419380829
32 0.43553576647944314 0.30381141736285433 0.020444175429541356 0.05571130919380829
32 0.45856383070379436 0.2973639962879321 0.022806736205190026 0.06363756577089807
32 0.48297789320379436 0.2987859535015547 0.02229494148562905 0.053871940770898075
32 0.5069825199281457 0.2923954107151774 0.02270437726127783 0.061684440770898075
32 0.5474821976757505 0.3035164830455185 0.017262743102595124 0.032160052616718504
32 0.5705614413720579 0.29804562447059624 0.017569819934331488 0.038019427616718504
32 0.5949243244001017 0.29849101918421883 0.015207259158682707 0.030093171039628608
32 0.6199566930964091 0.29313391718638643 0.017467460990419514 0.036066302616718504
32 0.6429847573207603 0.28668649611146413 0.017876896766068295 0.043878802616718504
32 0.6641620554890237 0.2820784434594521 0.02404334859780466 0.05007944734798797
32 0.6901709866853311 0.27677821975016453 0.01716038415868293 0.030206927616718504
32 0.7131990509096824 0.27033079867524223 0.017365102046507097 0.034113177616718504
32 0.7381802401340336 0.26399713417740983 0.017569819934331488 0.038019427616718504
32 0.7601805623864286 0.2565162723139427 0.021783146766068295 0.044106315770898075
9 0.781306681082736 0.25093165716193055 0.02794959859780466 0.05030696050216754
29 0.41332107219560954 0.12143137461177057 0.4827123417003998 0.1079484863870038
29 0.4162466071627753 0.14009981868886037 0.4827123417003998 0.10794848638700377
29 0.4219953181531947 0.17548358184304 0.4827123417003998 0.10794848638700377
29 0.42599977456427274 0.19616202920867473 0.4827123417003998 0.10794848638700377
29 0.8589572591586828 0.07923601234242718 0.010072701831736586 0.006428157885449065
29 0.8706040670225558 0.17143103536224152 0.02209852866347317 0.012970072347987971
29 0.4554460354473068 0.21929587457647698 0.4123998417003998 0.10385324961177056
29 0.46749812655399425 0.3378012068077464 0.41466004353213637 0.10982638118886046
29 0.7364276804890237 0.2862874368117751 0.10104240021477073 0.03314533543158038
8 0.6715001335649705 0.10628756186471548 0.00997034288782439 0.004475032885449065
8 0.6743744890601803 0.12397944344180528 0.00997034288782439 0.004475032885449037
30 0.6685704460649705 0.10611692699908076 0.004008608943912195 0.002180638154179626
30 0.6743786415930144 0.1054816342303502 0.004008608943912195 0.002180638154179626
30 0.6724213640601803 0.12386568686471547 0.004008608943912195 0.002180638154179626
30 0.6772529970882242 0.12317351580744001 0.004008608943912195 0.002180638154179626
8 0.6794578669151704 0.1466678940959849 0.00997034288782439 0.004475032885449037
8 0.6836158617421167 0.17027602896161964 0.00997034288782439 0.004475032885449037
30 0.6765793588871265 0.1474738217303502 0.004008608943912195 0.002180638154179626
30 0.6823875544151704 0.1468385289616196 0.004008608943912195 0.002180638154179626
30 0.6807373537140728 0.1710819565959849 0.004008608943912195 0.002180638154179626
30 0.6865455492421167 0.17044666382725435 0.004008608943912195 0.002180638154179626