34 0.08133756373686378 0.19392338563518902 0.03322702980682862 0.04714185944055671
34 0.08668519551105376 0.2788697538927636 0.03322702980682862 0.04714185944055671
16 0.1162861945686346 0.18772430498250514 0.012402255183796285 0.008700493776222673
0 0.14690138466053274 0.18611203890441375 0.01894513536759257 0.016956990664333982
24 0.16427189049230356 0.17858096758739586 0.013256636663541599 0.018466118776222673
24 0.17391533447204893 0.16948133791956288 0.011303511663541599 0.018318119813518885
25 0.7372936207586229 0.15712154125284394 0.013256636663541599 0.018466118776222673
25 0.3602200860624426 0.276004109708589 0.013256636663541599 0.01846611877622273
25 0.45891354624155134 0.2490763713810742 0.013256636663541599 0.01846611877622273
25 0.46701910355775506 0.25755486671324124 0.013256636663541599 0.01846611877622273
22 0.23360782799230356 0.18383493076338006 0.01342751295949074 0.020419243776222673
24 0.2827290103085073 0.19542140431232644 0.013256636663541599 0.018466118776222673
11 0.4274182985390048 0.1483861426456467 0.006713756479745259 0.010209621888111364
19 0.4398086013193868 0.16407057288457316 0.009350386663541599 0.018170120850815152
20 0.185804960767998 0.16841620669578555 0.012402255183796285 0.008700493776222673
20 0.18601257993622716 0.17727926867713745 0.0122313788878472 0.006747368776222673
20 0.18622019910445634 0.18614233065848934 0.012402255183796285 0.008700493776222673
20 0.26898364956394705 0.17275303761069621 0.0122313788878472 0.006747368776222729
20 0.29355663595648185 0.19525883610719724 0.01240225518379634 0.008700493776222673
20 0.43514536039103036 0.14995470099646183 0.008154252591898059 0.004498245850815097
20 0.4506362269673614 0.16390800467944397 0.01240225518379634 0.008700493776222673
20 0.571485614926852 0.15340469140437454 0.0122313788878472 0.006747368776222673
20 0.6060924931667248 0.1511118607516907 0.0122313788878472 0.006747368776222729
20 0.7225716975140626 0.13437917506986183 0.012402255183796118 0.008700493776222673
20 0.748206684554572 0.15598241054771472 0.01240225518379634 0.008700493776222729
20 0.12226863625092643 0.27665092272143166 0.012402255183796285 0.008700493776222729
20 0.1907621446745954 0.269061574434712 0.0122313788878472 0.006747368776222729
20 0.2401028985624426 0.2669021735023065 0.0122313788878472 0.006747368776222729
20 0.37202427421041717 0.27591554098481164 0.01240225518379634 0.008700493776222729
20 0.39513197402193334 0.2589888420745532 0.01240225518379634 0.008700493776222729
20 0.4776878053131949 0.23673648704540823 0.01240225518379634 0.008700493776222729
20 0.47861567253750037 0.248603236008112 0.01240225518379634 0.008700493776222673
20 0.47988529235370414 0.25656373497081575 0.0122313788878472 0.006747368776222729
19 0.4678367421652203 0.23697305473188932 0.009350386663541599 0.018170120850815097
20 0.6449850025328129 0.23466796137522952 0.0122313788878472 0.006747368776222673
20 0.6683490167882526 0.2148115749649711 0.01240225518379634 0.008700493776222729
34 0.25216251549230356 0.18524092090906596 0.020141269439235998 0.030628865664334037
9 0.27365884289571785 0.16425997303610376 0.0254880155513888 0.025213487552445346
9 0.2942888364159725 0.17565358662584535 0.023632281102777597 0.04835498962703777
9 0.437525676130903 0.14521988745916561 0.01503888536759257 0.01666099273892646
5 0.4549209724315396 0.1711139395862034 0.02387664314328697 0.028971738589741558
21 0.5717786722430558 0.16129119088572644 0.0176755155513888 0.02462149170163025
21 0.6063001123349538 0.15997492273304256 0.0157223905513888 0.02447349273892646
21 0.12158513106713015 0.28446342272143166 0.015722390551388854 0.024473492738926517
21 0.23941939337864632 0.2747146735023065 0.017675515551388854 0.024621491701630305
15 0.18630563725243088 0.18516576815848934 0.02116652721493051 0.04234761566433398
15 0.18651325642066008 0.19402883013984124 0.0157223905513888 0.02447349273892646
15 0.1868550090125582 0.19012258013984124 0.01835902073518514 0.032433991701630194
15 0.19105520199079912 0.2769480739160639 0.015722390551388854 0.024473492738926517
15 0.47920178716990786 0.26437623497081575 0.015551514255439769 0.022520367738926517
15 0.47962897790978054 0.25949342247081575 0.01835902073518514 0.032433991701630305
15 0.48014160679762774 0.25363404747081575 0.019384278510879538 0.044152741701630305
9 0.6451071835530675 0.24450758585658142 0.01801726814328708 0.02852774170163025
9 0.6646871288287619 0.23419482600226732 0.0314447811027776 0.04894698547785292
19 0.6575213911402781 0.21497414317010033 0.009350386663541599 0.018170120850815152
19 0.3842189102259842 0.26012797277968247 0.009350386663541599 0.018170120850815152
22 0.15589895199079912 0.27428409258739583 0.01342751295949074 0.02041924377622273
22 0.27347689985839163 0.2674650308682708 0.01342751295949074 0.02041924377622273
22 0.41454015733964145 0.17198621085077592 0.01342751295949074 0.020419243776222673
31 0.47118166800167866 0.25492117713864876 0.8086654644204859 0.1951492017831422
22 0.537171794003183 0.16358402153841028 0.013427512959490517 0.020419243776222673
22 0.6399304280748266 0.15760809259900685 0.01342751295949074 0.020419243776222673
22 0.6883800576106484 0.15439812968524944 0.01342751295949074 0.020419243776222673
22 0.3357692806901625 0.2633379356934399 0.01342751295949074 0.02041924377622273
22 0.6096091809611693 0.24574985452791337 0.01342751295949074 0.020419243776222618
16 0.33076340150787065 0.17448531743586526 0.01240225518379634 0.008700493776222729
36 0.8151742587181137 0.14336225079829137 0.012402255183796118 0.008700493776222673
16 0.5416283014253476 0.24747982781463296 0.012402255183796118 0.008700493776222729
16 0.6929220031807874 0.23731737346147214 0.014355380183796118 0.008848492738926461
36 0.820436452344329 0.22928518155586594 0.01435538018379634 0.008848492738926461
29 0.2788227603085073 0.1951254063869189 0.03593714573518514 0.03376598236596429
29 0.440992782987616 0.17300763434727695 0.0107908827756944 0.012458744813518885
16 0.41908210290978054 0.25490545462699865 0.01240225518379634 0.008700493776222729
0 0.44090823050167866 0.2526271932167402 0.01894513536759257 0.016956990664334093
31 0.4660049125234378 0.1680216838810742 0.8086654644204858 0.1951492017831422
9 0.723792622054572 0.15413242351391748 0.021679156102777597 0.04820699066433398
9 0.7454846162228012 0.16462347408501093 0.02370576684733794 0.027018613589741558
9 0.37534440957800974 0.2604385399475154 0.02685502591898148 0.040838487552445346
9 0.39492435485370414 0.25012578009320136 0.01784639184733794 0.026574616701630194
29 0.3848904630063662 0.27492440924238626 0.0269285116635416 0.019502111515149245
29 0.2149685880063662 0.26204849948715736 0.04968250647974537 0.01346559906759448
29 0.11195363949079912 0.2709541159265608 0.0200438788878472 0.00733936462703777
29 0.48270475123686374 0.22433717247081578 0.769773840716435 0.19414234752906662
29 0.6556537042882526 0.21384958170739654 0.03168914314328708 0.02956373444055671
29 0.5888561207586229 0.14587362008735666 0.03583975518379612 0.010476481328668075
29 0.7360726962181136 0.13736829280878826 0.02956514184733794 0.027462610477852922
29 0.4790539300187502 0.142468490675945 0.7671372105326386 0.18618184856636283
13 0.6422500961355906 0.1872749650057663 0.0288816366635416 0.019650110477852922
12 0.2706565553131948 0.22104859699880755 0.01894513536759257 0.016956990664334037
23 0.45129582734432905 0.20131337760485152 0.0269285116635416 0.019502111515149134