34 0.1455078125 0.1337890625 0.0234375 0.0419921875
34 0.146484375 0.21875 0.0234375 0.0419921875
16 0.1806640625 0.1298828125 0.0107421875 0.0068359375
0 0.2109375 0.1298828125 0.0166015625 0.013671875
24 0.228515625 0.1240234375 0.0087890625 0.0166015625
24 0.23828125 0.115234375 0.0078125 0.0166015625
25 0.798828125 0.138671875 0.0087890625 0.0166015625
25 0.41796875 0.2333984375 0.0087890625 0.0166015625
25 0.517578125 0.212890625 0.0087890625 0.0166015625
25 0.525390625 0.2216796875 0.0087890625 0.0166015625
22 0.296875 0.1328125 0.0087890625 0.017578125
24 0.345703125 0.1474609375 0.0087890625 0.0166015625
11 0.4912109375 0.1103515625 0.0048828125 0.009765625
19 0.5029296875 0.126953125 0.005859375 0.0166015625
20 0.25 0.115234375 0.0107421875 0.0068359375
20 0.25 0.1240234375 0.0107421875 0.0048828125
20 0.25 0.1328125 0.0107421875 0.0068359375
20 0.3330078125 0.1240234375 0.0107421875 0.0048828125
20 0.3564453125 0.1484375 0.0107421875 0.005859375
20 0.4990234375 0.1123046875 0.0068359375 0.00390625
20 0.513671875 0.126953125 0.0107421875 0.0068359375
20 0.634765625 0.1240234375 0.01171875 0.0048828125
20 0.6689453125 0.1240234375 0.01171875 0.0048828125
20 0.7861328125 0.115234375 0.01171875 0.0068359375
20 0.810546875 0.138671875 0.01171875 0.0068359375
20 0.181640625 0.21875 0.0107421875 0.0068359375
20 0.25 0.2158203125 0.0107421875 0.0048828125
20 0.298828125 0.2158203125 0.0107421875 0.0048828125
20 0.4296875 0.2333984375 0.0107421875 0.005859375
20 0.4541015625 0.21875 0.01171875 0.0068359375
20 0.537109375 0.201171875 0.0107421875 0.0068359375
20 0.537109375 0.212890625 0.0107421875 0.0068359375
20 0.5380859375 0.2216796875 0.0107421875 0.0048828125
19 0.52734375 0.201171875 0.005859375 0.0166015625
20 0.703125 0.2099609375 0.01171875 0.0048828125
20 0.7275390625 0.19140625 0.01171875 0.005859375
34 0.3154296875 0.1357421875 0.0146484375 0.02734375
9 0.337890625 0.1162109375 0.021484375 0.021484375
9 0.357421875 0.12890625 0.0126953125 0.0458984375
9 0.501953125 0.107421875 0.01171875 0.0146484375
5 0.517578125 0.134765625 0.0185546875 0.0244140625
21 0.634765625 0.1328125 0.01171875 0.0224609375
21 0.6689453125 0.1328125 0.0107421875 0.0224609375
21 0.1806640625 0.2265625 0.0107421875 0.021484375
21 0.2978515625 0.2236328125 0.01171875 0.0224609375
15 0.25 0.1318359375 0.01171875 0.0400390625
15 0.25 0.140625 0.01171875 0.021484375
15 0.25 0.13671875 0.01171875 0.0302734375
15 0.25 0.2236328125 0.0107421875 0.0224609375
15 0.537109375 0.2294921875 0.01171875 0.0205078125
15 0.5380859375 0.224609375 0.0107421875 0.0302734375
15 0.5380859375 0.21875 0.0107421875 0.0419921875
9 0.703125 0.2197265625 0.01171875 0.025390625
9 0.72265625 0.2109375 0.021484375 0.0439453125
19 0.716796875 0.19140625 0.005859375 0.0166015625
19 0.443359375 0.21875 0.005859375 0.0166015625
22 0.21484375 0.21875 0.0087890625 0.017578125
22 0.33203125 0.21875 0.0087890625 0.017578125
22 0.4775390625 0.1328125 0.0087890625 0.017578125
31 0.529296875 0.21875 0.80078125 0.0244140625
22 0.599609375 0.1328125 0.009765625 0.017578125
22 0.7021484375 0.1328125 0.0087890625 0.017578125
22 0.7509765625 0.1328125 0.009765625 0.017578125
22 0.39453125 0.21875 0.0087890625 0.017578125
22 0.66796875 0.21875 0.009765625 0.017578125
16 0.39453125 0.1298828125 0.0107421875 0.0068359375
36 0.8779296875 0.1298828125 0.01171875 0.0068359375
16 0.599609375 0.2158203125 0.01171875 0.0068359375
16 0.7509765625 0.2158203125 0.0126953125 0.0068359375
36 0.8779296875 0.2158203125 0.0126953125 0.0068359375
29 0.341796875 0.1474609375 0.029296875 0.02734375
29 0.50390625 0.1357421875 0.0087890625 0.0107421875
16 0.4775390625 0.2158203125 0.0107421875 0.0068359375
0 0.5 0.21484375 0.0166015625 0.013671875
31 0.529296875 0.1328125 0.80078125 0.0244140625
9 0.7861328125 0.134765625 0.01171875 0.044921875
9 0.806640625 0.146484375 0.0185546875 0.0224609375
9 0.43359375 0.21875 0.0185546875 0.0361328125
9 0.4541015625 0.2099609375 0.0126953125 0.0234375
29 0.4423828125 0.2333984375 0.0244140625 0.0146484375
29 0.2744140625 0.2099609375 0.048828125 0.00390625
29 0.171875 0.2119140625 0.0185546875 0.00390625
29 0.54296875 0.189453125 0.7607421875 0.0302734375
29 0.71484375 0.1904296875 0.025390625 0.0234375
29 0.65234375 0.1181640625 0.0341796875 0.00390625
29 0.798828125 0.119140625 0.025390625 0.0224609375
29 0.54296875 0.107421875 0.7607421875 0.0224609375
13 0.703125 0.1630859375 0.025390625 0.0146484375
12 0.33203125 0.1728515625 0.0166015625 0.013671875
23 0.5126953125 0.1640625 0.0244140625 0.013671875