34 0.19244395313114704 0.08239956438483831 0.030484993505274893 0.04731414314328697
34 0.19057250063025388 0.1680440070686346 0.030484993505274893 0.04731414314328697
16 0.227600203131147 0.07932379105775506 0.012265053218308675 0.008837757775694427
0 0.25807850433801277 0.07960489597054446 0.01867073143661735 0.017162886663541654
24 0.2763600402288584 0.07407532115902829 0.010994807241194504 0.01843250647974537
24 0.2865559245105498 0.0653230015313084 0.010994807241194504 0.01843250647974537
25 0.8469796083027908 0.09882538348177244 0.010994807241194504 0.01843250647974537
25 0.46213185583095157 0.18751726637563743 0.010994807241194504 0.01843250647974537
25 0.5629431889057771 0.16788951148628578 0.010994807241194504 0.01843250647974537
25 0.570462005428663 0.177057069450464 0.010994807241194504 0.01843250647974537
22 0.34385889666547576 0.0838905270967599 0.010994807241194504 0.01843250647974537
24 0.39307621721124747 0.09923530784600768 0.010994807241194504 0.01843250647974537
11 0.5400113833608986 0.06476433435387834 0.006542254022885885 0.010278253887847227
19 0.5510061906020931 0.08148807787413298 0.009041682241194504 0.018261630183796285
20 0.2983429624128383 0.06527430625561398 0.01226505321830862 0.0088377577756944
20 0.29798099103343556 0.07414880690358852 0.012128477413731575 0.006884632775694427
20 0.2976190196540328 0.08302330755156306 0.01226505321830862 0.0088377577756944
20 0.38062683215403287 0.07576106497372757 0.012128477413731464 0.006884632775694427
20 0.4030467059181132 0.10131061386626233 0.01226505321830862 0.0088377577756944
20 0.5480287470677644 0.06701051667008207 0.00808565160915431 0.004589755183796285
20 0.5618849539066704 0.0825013832464131 0.01226505321830862 0.0088377577756944
20 0.6826850204295561 0.08175811604554527 0.012128477413731575 0.006884632775694427
20 0.7170695716364219 0.08169746836643654 0.012128477413731353 0.006884632775694399
20 0.8355067857455762 0.07526570246151779 0.01226505321830862 0.008837757775694427
20 0.8587666462050794 0.09877668820607802 0.01226505321830862 0.008837757775694427
20 0.2260019022394082 0.16887448374155134 0.012265053218308675 0.0088377577756944
20 0.2946344288485625 0.16680006338333386 0.012128477413731575 0.006884632775694399
20 0.34380399336000544 0.16741096848460713 0.012128477413731575 0.006884632775694399
20 0.47391889373324014 0.18746857109994303 0.01226505321830862 0.0088377577756944
20 0.49849006390577716 0.1735284292526051 0.01226505321830873 0.0088377577756944
20 0.58283641028518 0.15730624787882053 0.01226505321830862 0.0088377577756944
20 0.5826793026126429 0.1691104360267951 0.01226505321830862 0.0088377577756944
20 0.5832938937332401 0.1778994985267951 0.012128477413731575 0.006884632775694399
19 0.5730024973828913 0.1571840668585659 0.009041682241194504 0.01826163018379623
20 0.7486743957446831 0.16834326401909863 0.012128477413731575 0.006884632775694455
20 0.7739489768080657 0.15041143402378618 0.01226505321830862 0.008837757775694455
34 0.3627550236769187 0.08715001478524374 0.019626762068657544 0.030834761663541627
9 0.3860081918380128 0.06841249858588036 0.02507640965492608 0.025488015551388854
9 0.40558719787234154 0.08143761127436419 0.020855944309852048 0.04841288666354163
9 0.5506169950563216 0.06187138972615845 0.014764481436617238 0.016821134071643484
5 0.565360944624979 0.0900575688024895 0.023259860459503123 0.02727026425543977
21 0.6832313236478649 0.08957061604554528 0.015310784654925857 0.024633634071643484
21 0.7167076002570192 0.09057196901441109 0.01531078465492608 0.024633634071643484
21 0.2245267925554283 0.1758812975375004 0.015310784654926024 0.024633634071643484
21 0.3423971715783142 0.17539434478055618 0.01531078465492608 0.024633634071643484
15 0.2975507317517443 0.08204674505156306 0.018493091896120584 0.04238263536759257
15 0.29718876037234154 0.09092124569953759 0.01531078465492608 0.024633634071643484
15 0.29691560876318723 0.08701499569953759 0.0178102128732347 0.03261701036759257
15 0.29420416956687123 0.1746980015313084 0.01531078465492608 0.024633634071643484
15 0.5818187840492602 0.18490631232274413 0.015174208850348814 0.02268050907164354
15 0.5825221949401059 0.1809146241747696 0.0158570878732347 0.032446134071643484
15 0.5830890300263745 0.17496981102679507 0.018629667700697627 0.04433576036759257
9 0.748380712267569 0.17819432716707315 0.015583936264080389 0.028539884071643484
9 0.7684105094515488 0.16956418855960792 0.02866844430985216 0.04909639184733794
19 0.7631385014057771 0.15037469115150606 0.009041682241194504 0.018261630183796285
19 0.4876795885034886 0.17349168638032497 0.009041682241194504 0.01826163018379623
22 0.259409890946274 0.16889927421041712 0.010994807241194504 0.01843250647974537
22 0.37650857117602554 0.17142744710144747 0.010994807241194504 0.01843250647974537
22 0.5249121547112474 0.08770115786944543 0.010994807241194504 0.01843250647974537
31 0.5742316796240858 0.1747621918585659 0.8063397942517443 0.17731028004316973
22 0.6478702099409991 0.08971670187262853 0.012947932241194504 0.0186033827756944
22 0.7501838768661735 0.09157332198327689 0.010994807241194504 0.01843250647974537
22 0.7993534413776164 0.09218422708455012 0.012947932241194504 0.018603382775694427
22 0.43941829858975706 0.1718187806310772 0.010994807241194504 0.01843250647974537
22 0.7129513106584145 0.17736385049415643 0.012947932241194504 0.0186033827756944
16 0.4420614498837845 0.08315921229930638 0.01226505321830862 0.008837757775694427
36 0.9260811708027908 0.09190489349583508 0.01226505321830862 0.0088377577756944
16 0.6448173312332401 0.17251689520439933 0.01226505321830862 0.0088377577756944
16 0.7963005626698575 0.17498442041632092 0.01421817821830862 0.009008634071643484
36 0.9232331558018977 0.1776347743276059 0.01421817821830862 0.009008634071643484
29 0.38916996721124747 0.09957706043790582 0.033298637068657544 0.03203089573518514
29 0.5516207817226904 0.09027714037413298 0.01058507982746315 0.01257313147974537
16 0.5228358385034886 0.17041591305324172 0.01226505321830862 0.0088377577756944
0 0.5454333518080656 0.1704039606498274 0.01867073143661724 0.017162886663541654
31 0.5770114067226904 0.08835544427418998 0.8063397942517443 0.17671088854837996
9 0.833942856291348 0.09505326690544139 0.01890281930985216 0.04824201036759257
9 0.8544301369233881 0.10701637894595069 0.02312328465492608 0.02531713925543977
9 0.4777773876989114 0.17239294286007034 0.024079315286966274 0.03898901425543977
9 0.4988520352851799 0.16465392860463057 0.017400485459503234 0.02675763536759257
29 0.4866824941355288 0.18733443767627406 0.026619807241194504 0.01979951684733794
29 0.3187753397394082 0.1607578596839705 0.049511004022885885 0.014037532398726738
29 0.21659824861881094 0.16085436457332214 0.01994097741373152 0.007568137959490739
29 0.5888528929577168 0.14498943084299878 0.7674138700563216 0.17584587912418836
29 0.7611170885034886 0.14956900494745512 0.029119235459503123 0.02778289314328697
29 0.7008982684181133 0.07525197873402911 0.03570255321830862 0.010888273327083253
29 0.8475669752570192 0.07912325718582336 0.029119235459503123 0.02778289314328697
29 0.5919740595677644 0.07359124478666107 0.7668675668380127 0.14718248957332214
13 0.7503476768371196 0.12201763577922596 0.028572932241194504 0.019970393143286996
12 0.37818185226846207 0.1251018188615748 0.01867073143661735 0.0171628866635416
23 0.559528793791348 0.11906138648628577 0.02648323143661724 0.01784639184733791